2.721043971842362907e+00,2.065976116310985766e-01,6.610116775140769674e-01
8.834212269774655013e+00,8.614288684659270334e-01,3.354828403416524329e-01
8.878706355087807367e+00,8.395719848973051125e-01,3.521572263250452028e-01
8.929654140843346966e+00,8.901338265648646164e-01,3.500560462726989286e-01
9.341231626790014175e+00,8.184120462373961624e-01,4.053399873663318109e-01
9.480157027874302145e+00,8.217101314647765609e-01,4.458821483392226837e-01
9.758726797461370950e+00,7.560707525324246170e-01,5.039612835177009753e-01
1.135293833713235756e+01,6.133929439440303222e-01,3.917095685587095311e-01
1.140601586655376565e+01,6.121005128553989039e-01,4.243878898575068614e-01
1.188620348108582192e+01,6.076455196423516947e-01,4.163686661147152357e-01
1.739747328176544272e+01,7.283808258308566153e-01,2.028395759046137670e-01
2.189632144455821816e+01,1.511753034397043116e-01,8.169273124638523065e-01
2.263140100335059302e+01,1.349595308911134550e-01,7.500891829886460194e-01
2.368560474083869494e+01,1.372861958053588349e-01,7.239508684171958031e-01
2.372114805734904053e+01,1.281266394867559555e-01,8.171461371299464371e-01
2.393964747458699094e+01,8.716444172940218671e-02,7.109813271718278260e-01
2.405952162568791763e+01,1.411491130013676765e-01,8.073805615230696953e-01
2.635149680315496212e+01,1.955039003664911235e-01,7.781356311614953114e-01
2.682699397310372902e+01,1.443492942518974642e-01,7.187287171121139462e-01
2.759508605555616256e+01,3.376638625649366343e-01,5.511342635857150452e-01
2.788069949551941207e+01,2.118681002013207415e-01,6.234665465184039412e-01
2.848226423005428742e+01,7.756970010165398222e-02,6.668078763299402079e-01
2.851021712436219246e+01,1.530490585807526838e-01,6.574292394820031582e-01
2.897207770265830362e+01,2.402068225950746427e-01,6.762679189602002205e-01
2.961644478778024947e+01,2.969435729488094644e-01,5.523340555421242248e-01
2.962262864352460667e+01,3.423788015862095913e-01,7.689703145340580637e-01
2.969579589831317179e+01,1.978222514435834523e-02,7.824689517483899293e-01
2.999446628317059549e+01,3.271949124344336601e-01,8.008725548075444900e-01
3.005130362378793762e+01,3.115955898567859261e-01,7.839932100592075237e-01
3.032293151084264338e+01,2.050991956029957208e-01,6.694227797042430206e-01
3.032704210353243113e+01,2.502836647177342222e-02,5.300534688304506803e-01
3.072042986368927941e+01,1.894130302178093084e-01,7.068180589274801751e-01
3.074243148429101069e+01,3.785641280152043375e-01,6.010887243448772566e-01
3.088686086931236119e+01,5.608747805421865351e-02,9.935321726555164101e-01
3.165334320768497989e+01,9.230388955996915445e-02,6.448255892093807118e-01
3.178112216791673106e+01,2.168247757564040201e-01,3.069185155181979319e-01
3.180179188019649672e+01,2.803211769738823689e-01,6.425397490659869870e-01
3.188318306794668544e+01,4.129145616895602000e-02,9.300121391486911859e-01
3.190083517099584398e+01,1.089918880263737178e-01,6.691847922866771547e-01
3.199930060024325229e+01,9.806227649093302023e-02,6.570789546360238376e-01
3.207240923097864993e+01,1.371615565965057515e-01,8.248328533740167945e-01
3.232514487577387285e+01,9.831220564329468115e-02,7.489126321411623266e-01
3.258175775495764270e+01,9.720611103917020657e-02,7.149478520611159960e-01
3.294681366910512565e+01,1.383744891963168966e-01,8.473598299557641988e-01
3.353599772915893595e+01,2.925239009664998280e-01,2.520106730097134706e-01
3.407662115390741775e+01,6.363003642525411063e-02,7.436636047926673543e-01
3.413725050442828746e+01,4.874780956087487738e-02,7.634726151816408901e-01
3.438702037212571128e+01,3.892918464423233971e-02,7.204582773626428960e-01
3.441627024521953615e+01,3.459500769360712713e-02,6.771893732264520072e-01
3.449901877324812460e+01,1.886737340965338738e-03,6.841367688611144082e-01
3.469679085402821528e+01,1.233868013291666843e-01,7.430717824622822265e-01
3.499360293584308579e+01,2.798428260202745488e-02,6.376131280725949591e-01
3.512490672133606040e+01,5.001198712572652028e-03,6.272126205688199896e-01
3.522483660787578685e+01,1.472065061798065733e-01,6.770039675563893633e-01
3.526505105923361327e+01,7.372059138620434826e-02,7.771105936833314631e-01
3.559392736285749237e+01,9.904720061458260894e-02,8.582791328937272590e-01
3.566272594578057209e+01,1.585130156433935955e-01,5.715807748418566536e-01
3.578156380157149385e+01,3.227616262875232511e-01,5.736115994170064569e-01
3.582175692160616620e+01,1.284075129870912990e-01,5.651113167125983994e-01
3.647455428354673757e+01,1.753349660513878749e-01,4.707170855520688146e-01
3.651728815415411589e+01,2.228233795806212614e-01,4.103094633054230611e-01
3.656465606093495069e+01,3.552954798159223548e-01,5.303918126248746701e-01
3.667196993721299947e+01,3.532682391479846640e-01,5.645459913544510488e-01
3.683766473629424354e+01,3.264505125131176300e-01,5.220653474049438136e-01
3.686718565809354686e+01,1.483353958073669876e-01,5.464976913714616469e-01
3.688147614998904800e+01,1.923311648173824384e-01,4.864673352925554806e-01
3.714414668687216192e+01,1.484690064362320649e-01,3.772900096037741235e-01
3.718274636212293416e+01,3.010443675781629969e-01,4.427157129168961536e-01
3.728839305270026472e+01,2.588501788024947237e-01,4.389914176938417567e-01
3.729578267782229517e+01,3.124468144930002689e-01,4.837957758690503152e-01
3.758387267253881703e+01,2.386547868088375601e-01,3.705813137326827711e-01
3.787934109114321757e+01,3.000495771223321562e-02,6.028569951920618175e-01
3.789510617921609992e+01,4.515506059360352431e-02,5.872142353058487085e-01
3.790452429169977222e+01,9.450384272765832705e-02,4.557159213639399020e-01
3.808376479290398464e+01,4.065420024055160786e-01,2.800336732444257404e-01
3.825006300070266008e+01,1.416423640380690685e-01,5.029607959663473515e-01
3.832795488055773347e+01,4.052703958898395964e-02,5.891984528624094608e-01
3.842686978924314189e+01,3.746871369062804158e-01,3.736873240574291044e-01
3.847557631877851492e+01,2.005382673082327649e-01,4.874344360546006838e-01
3.857831348187112752e+01,2.098214855205546847e-01,5.160825352678837241e-01
3.864845930207749802e+01,1.021384611653289864e-01,6.090368893513373738e-01
3.864865252393667561e+01,8.318643330537434100e-02,6.027247304152927310e-01
3.866779715023460540e+01,9.783379537698866368e-02,5.390418323604782014e-01
3.876127664631412273e+01,3.153231716653737138e-02,5.658983792569571847e-01
3.886334622326226196e+01,2.984650420954966243e-01,6.180427335026797975e-01
3.888873185340335681e+01,1.048602491889865096e-01,5.514329348741123793e-01
3.904289665496274608e+01,4.679404958794042280e-03,5.536591451732904012e-01
3.920254428417025139e+01,1.611899807363652570e-01,5.557094619980291750e-01
3.920700680274769212e+01,2.908192932767383887e-01,4.255370731863706846e-01
3.936334635129767889e+01,1.612184020952891483e-01,5.816589756991372706e-01
3.939680454220739847e+01,1.974762841722642603e-01,4.463001637250367803e-01
3.948688561087032411e+01,2.482474791404809533e-01,3.861664313346040434e-01
3.949980693807187038e+01,2.593274282058944946e-01,3.776809467641900619e-01
3.950447957529213028e+01,3.847784329531840353e-01,1.072969814078447159e-01
3.971684302206701744e+01,2.707028291478374982e-01,4.609569273181096660e-01
3.982140785955346018e+01,1.484299036144995920e-01,7.346593506369860638e-01
4.006180127206504693e+01,3.732253311026617615e-01,3.627491108397258301e-01
4.057663330557681292e+01,3.779101664939258365e-01,5.331573111246834529e-01
4.079863033355157853e+01,1.760682871982539588e-01,3.259205936906974799e-01
4.094454629126597922e+01,3.964258490073868657e-01,4.557584961122274070e-01
4.143934380390634686e+01,3.930799973177541151e-01,4.100798156161913344e-01
4.149226296465025143e+01,3.790297413927639081e-01,4.082197216253642402e-01
4.206574554071840311e+01,1.517844246645093653e-01,5.985760946046444486e-01
4.233093527099707387e+01,3.990223595029763759e-01,5.304848666515638023e-01
4.384095107593133633e+01,3.831962905227320748e-01,4.937690124080748033e-01
4.404799111832235781e+01,3.588449395637659523e-01,3.715556110913686982e-01
4.421734593520953638e+01,3.323110770557111682e-01,3.097571350632626341e-01
4.432135980595974445e+01,2.606182247616486425e-01,2.717990144543899200e-01
4.455137952737331375e+01,2.907609466049655422e-01,5.128051592175204565e-01
4.458453301789400314e+01,4.999936183438301596e-01,9.507299839508988049e-01
4.497714307361144392e+01,3.384699535962780725e-01,5.399923099994790032e-01
4.504297534754020660e+01,3.893898973501741523e-01,4.711753417097350738e-01
4.517203360085841979e+01,2.425832109098847722e-01,6.281448008404515448e-01
4.535934961930199449e+01,2.009856554651785476e-01,6.694766662392866996e-01
4.545355687064989070e+01,4.214658579140090344e-01,4.117770881017233098e-01
4.557216244708062192e+01,1.411674438752936744e-01,7.389417659587732556e-01
4.567915374978359466e+01,2.299634346742877034e-01,5.992909960770815836e-01
4.593824660007817329e+01,2.376643836940045551e-01,6.408186562545554743e-01
4.607006565384252639e+01,5.658901563949000346e-01,5.551379810692785854e-01
4.608274716943239468e+01,4.241363195481662185e-01,5.884791786100842526e-01
4.614204224537554921e+01,7.687277215366937755e-01,6.393283101515445654e-01
4.660531511709808683e+01,3.502008273815304662e-01,4.914729520604294022e-01
4.703866367375564295e+01,2.990502966347987623e-01,6.298894993881153370e-01
4.720467701672692584e+01,3.494625670149141827e-01,2.963381200487683609e-01
4.866604899055526801e+01,5.578087241747835545e-01,2.982284154352543570e-01
4.868647722520036325e+01,5.503863190149650420e-01,3.060361687128817509e-01
4.882087243221167228e+01,5.672409821293381560e-01,2.394759074937995447e-01
4.898507790686490182e+01,6.232033065861859455e-01,3.205763666832401881e-01
4.905581687274585079e+01,6.796846539056075054e-01,5.825423381949316193e-01
4.934212833970830303e+01,5.281099429915200316e-01,2.532655548214651775e-01
4.977300130203987294e+01,4.199418577133013919e-01,2.987174048174111585e-01
4.978856085300997592e+01,5.688652080143841161e-01,3.817346280572880834e-01
4.988430919220432713e+01,5.824302616911345432e-01,3.810398955216065531e-01
5.026934193182464128e+01,6.146193609817436343e-01,2.793245699470737753e-01
5.030034473739408440e+01,5.886432158570062967e-01,3.260592009549528880e-01
5.030049045645046135e+01,6.097008721783238050e-01,2.500020850882633816e-01
5.039417191451600786e+01,5.746327134307495088e-01,1.265568832815278100e-01
5.048019470187215063e+01,5.654260581248218287e-01,1.358812838852633265e-01
5.057863953758256770e+01,6.181404481455075040e-01,2.711126571349257164e-01
5.073264846698278063e+01,4.535155105841506273e-01,4.113948799206714746e-01
5.109330996299832606e+01,7.540229233088856509e-01,6.689496049630738739e-02
5.115070821238265353e+01,4.750421158956692480e-01,2.699163874002814545e-01
5.129265903093749301e+01,4.652528953666388301e-01,4.096427523965278095e-01
5.137835594092465641e+01,6.867635807154536254e-01,4.325264573862500628e-01
5.165658411986262877e+01,4.739267915986482560e-01,5.434181113259011209e-01
5.168887400572774737e+01,5.884182999105608269e-01,3.140521948451513445e-02
5.175608411014454191e+01,3.678721190386727846e-01,1.701769640875300249e-01
5.181074669636798546e+01,6.896904872822199328e-01,1.062549918497464052e-01
5.181201686345626456e+01,6.081803927929819720e-01,4.859381954168894291e-01
5.189909901494438316e+01,6.446106638036539493e-01,5.039898129035628171e-01
5.201785946679405015e+01,6.273698421425176752e-01,4.964410333604121206e-01
5.202730238706121213e+01,7.306128284154209673e-01,2.128403827540514826e-02
5.213456047358855017e+01,5.855234761967677004e-01,5.447322047336745632e-01
5.218797444994227419e+01,6.770358331073100810e-01,3.696475647887564886e-01
5.224957496179483485e+01,7.107123945098007267e-01,3.669982451177453697e-01
5.259819182916869806e+01,6.651771391137373257e-01,2.879528237443448324e-01
5.283938525070419701e+01,5.583716425313302034e-01,3.162287968736963162e-01
5.284990541123579533e+01,5.815527784544265444e-01,4.315714370878390715e-01
5.305564874725898505e+01,1.824333511699076649e-01,1.978378607048981719e-01
5.338904235445951230e+01,1.739326505542385659e-01,1.849544300124220664e-01
5.339906935259308796e+01,5.994682446630310579e-01,7.559018908976433693e-02
5.718824336688111032e+01,7.717673382898930790e-01,5.852896226672674729e-01
6.308797430999668876e+01,8.176931475300660557e-01,9.617074713100381977e-01
6.678684867392759372e+01,1.733584075111360701e-01,2.836714624145989516e-01
6.862036564661700311e+01,5.933114186364840670e-01,8.733413985988226491e-01
6.946674646847495183e+01,1.721069341735754765e-01,7.762415790359078471e-02
6.957396330888731484e+01,1.142918917834315762e-01,2.890931788936945690e-02
6.978317909568542632e+01,1.685513387628516657e-01,2.361196703775525485e-02
6.987630961740909186e+01,1.312399272008427653e-01,6.133580839948982177e-02
7.015891120298556416e+01,1.297617471133054590e-01,3.384037695529895640e-02
7.039152662624215395e+01,2.203727676530530255e-01,5.836437805837857429e-02
7.204112793581451513e+01,2.087725916248821534e-01,1.934200839534118144e-01
7.571392027038137940e+01,7.117072210561885548e-01,1.437127056990122886e-01
7.577741045314134283e+01,7.469637342505854871e-01,1.524274087485668616e-01
7.585198753464960930e+01,7.555359112962052315e-01,2.288904798360721360e-01
7.585415884049062640e+01,7.656163287985422450e-01,1.543414179602187186e-01
7.613649809704826055e+01,8.182209902801153012e-01,1.532953087387366464e-01
8.494509421212626421e+01,9.168071969230917606e-01,2.558387233170811292e-02
8.865164635194089726e+01,6.875932608010728586e-01,5.666475931548441425e-01
8.932199925440454535e+01,7.676332141702518763e-01,5.792765992122252960e-01
9.350083189492808344e+01,9.921533859054065818e-01,7.311069449320330982e-01
1.008886306609750818e+02,4.201342137982055913e-01,1.954385251908189458e-01
1.212878519281103138e+02,2.604716417046828436e-01,2.745946905402951721e-02
1.228966630663615973e+02,5.677709129280378297e-01,1.153547652152883130e-01
1.246163606135884976e+02,3.893882620773213565e-01,1.116032653623911797e-01
1.251072843340218554e+02,4.804347772295559649e-01,8.420687646188163011e-02
1.253325820446039529e+02,5.705484544596026719e-01,7.737827445840994578e-02
1.416642789679370935e+02,6.226611733225653200e-01,5.145317296436386911e-01
1.419862468921142522e+02,6.687833601743488066e-01,5.396340191566310063e-01
1.420059194693328379e+02,6.682550962818381013e-01,5.432656036052697646e-01
1.429821296529670747e+02,7.737240563726869302e-01,3.826268612052803331e-01
1.439931389236681696e+02,5.436608624561473091e-01,5.828077723614161210e-01
1.441884057908259251e+02,5.679835418267413782e-01,4.839277506424995989e-01
1.449000184080156828e+02,6.061579827554159916e-01,5.226578069895838619e-01
1.464445795941111612e+02,6.395468085992358498e-01,5.358528067649118709e-01
1.602256407564028962e+02,9.460648222937663165e-01,3.190892305201959989e-01
1.604100305081239810e+02,9.780856330030355261e-01,3.023964050946862381e-01
1.802932542645957597e+02,7.155509956939605232e-01,3.502174928884088656e-01
1.803643474554429531e+02,7.043347250328910736e-01,3.293403156984648916e-01
1.838138058193508186e+02,6.785268274590293691e-01,8.872793045744655771e-01
1.871119009131876396e+02,3.418582081402968820e-01,8.151811141284117657e-01
1.874803850338057032e+02,2.940609365674242692e-01,8.642025070746237603e-01
1.875063029670873789e+02,2.750309044198175901e-01,8.241881455578381477e-01
1.967512607321611995e+02,7.806922933790952923e-01,1.885589556979065939e-01
2.011672261007960572e+02,3.424982393706388351e-01,7.975548130160166060e-01
2.022877386230518368e+02,4.812816051772912385e-01,6.280366901869798291e-01
2.026445848730430441e+02,5.279600208555254026e-01,4.539959008281503339e-01
2.029069995104197801e+02,4.922729055550236765e-01,2.720058606855646488e-01
2.030151755730246066e+02,2.177804110607410859e-01,9.081283665126962390e-01
2.031026355251299833e+02,4.826752318989572244e-01,5.618647797066509408e-01
2.031729712484913080e+02,4.265502627278298098e-01,3.228841149808052702e-01
2.032849015943160111e+02,2.589389571547584534e-01,8.796772455326967721e-01
2.036382539790719761e+02,2.380108438812037486e-01,7.720995688923159017e-01
2.039714629375252173e+02,6.005913293023764643e-01,2.818277915979168213e-01
2.070175346129179275e+02,6.258023787498914192e-01,3.720356798199884185e-01
2.071778923604158251e+02,6.422221589607409742e-01,3.387031092097015916e-01
2.073841970849249492e+02,6.317548524183639325e-01,2.553437091367873890e-01
2.079560505961509591e+02,5.186801788151251813e-01,2.161360431689872685e-01
2.082960333660349761e+02,4.956796660110398545e-01,3.111620498915347310e-01
2.088848838902412979e+02,6.202487301538297526e-01,1.510675784567376834e-01
2.089386626182058251e+02,4.394616894739034052e-01,3.038501629535995674e-01
2.091699911286368661e+02,4.628276037891353445e-01,3.512765211967546763e-01
2.092564802500130838e+02,5.258485421949923300e-01,2.851065319278164312e-01
2.093318900553602475e+02,7.522236860465520980e-01,8.989817791809884273e-02
2.094456324634678026e+02,4.394289126948492941e-01,3.059199650090805855e-01
2.102462408882263105e+02,5.061052977094965266e-01,5.994392168768581941e-01
2.106207940783793049e+02,5.212049233940753146e-01,3.662342627330650302e-01
2.106488103169987767e+02,5.048145513429130871e-01,3.285476720966068465e-01
2.108189981195882581e+02,5.396929743818753566e-01,6.670932196647498813e-01
2.111081720492584566e+02,5.164007073454583985e-01,6.092357608462170004e-01
2.297912791112907200e+02,2.757589401931375139e-01,1.567293309078739982e-01
2.315719477642256265e+02,1.325110054958319461e-01,1.602420915027822357e-01
2.318539796171249634e+02,1.593737068467777629e-01,2.228990861467766704e-01
2.326979629718271099e+02,4.234432635432253678e-01,6.132426618080272229e-01
2.328279923411590175e+02,4.530864438394538452e-01,5.507864729631734013e-01
2.331030740052923989e+02,4.850001781422590419e-01,5.821188625302872177e-01
2.336508610799179451e+02,5.603915970289166104e-01,6.066647136141042340e-01
2.340378616855543044e+02,5.825238017853734407e-01,6.171362968875273580e-01
2.423598489160440010e+02,4.304759351859746008e-01,5.016818585252514895e-01
2.429687111291707424e+02,5.831281321492137737e-01,4.067805630432508313e-01
2.429996824755342857e+02,5.800613950078216119e-01,3.780598980170060130e-01
2.432048908850265150e+02,7.100223655786093158e-01,3.936211457389401369e-01
2.432050738254293378e+02,5.453107747967466112e-01,4.132061749439741583e-01
2.432893166874767701e+02,5.207893091213926517e-01,3.137431152017905456e-01
2.434285538118553518e+02,7.075314536733164905e-01,3.618355167605450395e-01
2.435002047730073684e+02,7.466582086850052091e-01,3.697583578929211079e-01
2.435151720190378342e+02,5.307952714473356259e-01,4.793060243137250431e-01
2.436492671067793765e+02,5.974590999789129997e-01,2.819842490529573809e-01
2.440729567370945006e+02,7.027642477159296019e-01,2.672867452220363260e-01
2.442391146016194057e+02,7.557705751169273567e-01,3.878090463017032086e-01
2.444578385239635168e+02,7.995076378469837541e-01,3.859573501445278110e-01
2.444638864302453101e+02,7.524468976779922214e-01,1.448636521685002787e-01
2.449416319473062345e+02,6.768821598179038945e-01,2.521407774291287707e-01
2.458113510884591904e+02,7.358048283693536806e-01,3.409561581701443522e-01
2.459725314093159625e+02,7.561038677627270888e-01,2.866862335849786891e-01
2.459984013515699246e+02,7.152907566588865285e-01,3.339112960751184911e-01
2.460513455064761104e+02,6.707175235749019970e-01,3.557402834169377526e-01
2.464046664396002484e+02,7.531061115060209143e-01,3.358327207830368311e-01
2.465142022817702241e+02,8.661182956149501289e-01,3.528918838784681489e-01
2.467664876970999615e+02,8.499414655891134318e-01,3.547798788459471941e-01
2.468154923100553901e+02,8.810664258211290401e-01,3.585432046536299877e-01
2.468785811998845929e+02,7.959545331452092531e-01,3.739418629501239932e-01
2.471957256622482362e+02,5.202568951121143703e-01,3.753315563860759596e-01
2.471978082403798567e+02,6.081955212658178844e-01,2.813538585384234292e-02
2.472580253900405012e+02,8.711502944958035011e-01,3.804992069582388003e-01
2.475569574174676291e+02,6.938884505169016226e-01,3.145435268721725741e-01
2.476054969249352666e+02,9.145368637967333791e-01,1.067362977679199298e-01
2.476085144843340800e+02,6.505894096462075948e-01,3.290357674845826308e-01
2.476151746088404195e+02,9.967648020057099378e-01,2.865487020989547773e-01
2.476781014450785108e+02,7.101448261374736504e-01,2.989730381971595907e-01
2.477456918656940559e+02,6.807566638080391197e-01,2.940499265063981627e-01
2.477761534448651446e+02,4.065540095849329294e-01,3.540440685053470871e-01
2.478065047488489085e+02,8.253338851600421355e-01,3.865682397849899976e-01
2.478848256350600820e+02,7.037617670000602121e-01,2.673360251081473571e-01
2.479049635165385723e+02,6.763478273003734609e-01,2.512241539656254741e-01
2.479267944129761645e+02,6.960935977647509931e-01,3.430911023919634983e-01
2.479404209981714757e+02,4.050438995479088700e-01,3.709050873372653490e-01
2.480253956859681637e+02,6.935958833548276914e-01,2.513835799888277656e-01
2.481665028247723797e+02,6.215963124424886965e-01,3.373223347187339627e-01
2.483416139610438051e+02,7.604175515764993731e-01,3.913570378874705602e-01
2.485882544592963370e+02,7.502985451367769620e-01,4.490749940135102536e-01
2.489837982745803799e+02,8.766077055456852340e-01,4.101696417370486181e-01
2.492283658032060600e+02,8.126673100900232427e-01,3.499023947128812040e-01
2.492997739863178595e+02,8.043358837979533993e-01,2.785984031186090615e-01
2.493778823170739258e+02,5.959861052321087094e-01,8.536982230124534610e-02
2.496716477537834749e+02,6.986125266556522106e-01,3.732988396816440124e-01
2.496944228636757259e+02,8.705097069130197651e-01,2.900284379078674757e-01
2.497781872260086402e+02,8.666659987321164715e-01,2.568776224322448787e-01
2.498037062138070894e+02,5.796750991272872078e-01,5.691538389693573396e-02
2.498203709512325474e+02,6.884130695821697454e-01,3.594285296491078752e-01
2.498675715942764270e+02,7.410147512814386772e-01,4.656535811670337033e-02
2.499326217793572766e+02,6.114239464346973296e-01,1.570974709167649586e-02
2.500092277081544694e+02,9.464918432663322889e-01,3.037787963051449269e-01
2.501088565755736965e+02,6.171528488459652184e-01,9.397701472511041931e-01
2.504398877087112965e+02,6.426512556592801628e-01,9.770664293868029926e-01
2.507376252423792948e+02,7.983046332884112806e-01,3.867658617396078080e-01
2.507801984003128553e+02,7.691571190257963098e-01,2.814879493346393868e-01
2.511131400091605315e+02,7.977076135713808691e-01,3.880584304736184320e-01
2.511974231401948998e+02,7.660934165866959411e-01,4.964933739562411574e-01
2.514147456196431563e+02,8.667957570009807711e-01,6.855391339183358745e-02
2.514182679465295394e+02,7.188461735350509807e-01,4.814428531681945733e-01
2.519607623159131435e+02,7.469440036851754394e-01,2.662498065951087733e-01
2.523370517144575160e+02,9.663107576556642098e-01,5.202323853606727333e-02
2.523616251134318418e+02,7.741877722795741379e-01,4.638740785476952455e-01
2.527854250976306787e+02,7.996969036315818569e-01,4.558342119704150708e-01
2.528534051705453294e+02,8.336016335018376910e-01,4.562529536370805161e-01
2.542091273422818460e+02,4.298914626267325012e-01,5.123310231238634715e-01
2.560715507107791495e+02,7.954517623041186258e-01,2.587937599259348964e-03
2.637887575344042261e+02,2.178658920621200368e-01,6.333249177205864111e-01
2.646031690426631258e+02,3.257467543799263954e-01,6.520467149303550425e-01
2.653540010221071270e+02,3.314759799313413691e-01,5.382409434040810181e-01
2.655842734835380838e+02,3.544413121310656667e-01,5.172607246284008919e-01
2.658178257513513927e+02,2.646855099062392913e-01,5.998599630583998366e-01
2.662177738985451469e+02,2.692597694167758737e-01,7.349470175371142222e-01
2.666901119705825636e+02,2.223618071341270097e-01,4.812445772886166928e-01
2.675566100874588074e+02,5.143612237572211532e-01,5.998494046488052067e-01
2.677160475089752367e+02,5.012768138862948586e-01,6.103862850239903937e-01
2.680534742514462323e+02,6.286958571858028977e-01,6.972982711126259892e-01
2.681294764421152763e+02,7.282852557667802706e-01,7.279844250707047104e-01
2.682074524607506305e+02,6.436176275162288629e-01,6.812900420309035976e-01
2.691998666348476377e+02,6.574102871873239717e-01,7.787816702673668878e-01
2.851192768015611136e+02,3.681806820741688746e-01,7.862966945016569564e-01
2.861646710868354262e+02,3.529569658914294417e-01,2.649746000187609418e-01
2.866904497132200049e+02,3.755162401032805519e-01,4.066246274461929877e-01
2.867038108746169200e+02,2.629856357474623652e-01,3.880921582493541688e-01
2.960920758804917909e+02,3.484028044704676752e-01,4.889665020796755135e-01
3.059057446981695421e+02,1.472629480655571754e-01,2.341668831623222591e-02
3.060181223861575290e+02,4.765929887238197216e-01,6.495626601593633698e-01
3.062700239835439788e+02,1.731625894777347741e-01,2.192854238239827502e-02
3.066523693436870985e+02,1.565555594799756811e-01,5.688301655618022146e-02
3.090963804770421461e+02,8.375968489267449080e-02,2.590329077908204436e-02
3.096401333762712511e+02,7.344131654973221623e-01,6.566969642988130795e-01
3.293994448379988853e+02,7.896038704510250916e-01,8.402743618489973976e-01
3.294598870301338707e+02,7.676471083461077205e-01,8.600132662336641420e-01
3.299176182170822926e+02,7.419655373407538779e-01,8.269638031357224861e-01
3.310598511641850337e+02,6.013671006201151137e-01,8.417956765443408429e-01
3.313381435264262223e+02,6.903351011119958081e-01,7.703986216072669091e-01
3.323146423707399322e+02,5.252629928059558972e-01,7.087411638320350038e-01
3.332699046315582336e+02,5.771280887040461938e-01,7.623140520066230552e-01
3.336226540388498165e+02,5.438815595040259465e-01,7.531590487341324192e-01
3.349042715649327420e+02,6.845260658666129094e-01,9.606309834159425520e-01
3.571544145481381065e+02,7.008488160765736774e-01,3.002883280991727188e-01
3.588540703562753720e+02,9.519655312569714756e-01,3.229388000578000684e-01
3.592722147677873750e+02,8.951115399953698537e-01,2.069762041857493573e-01
3.592827814748590640e+02,9.110424403321165654e-01,2.258522875932570395e-01
3.594472268459113593e+02,8.668941116350502574e-01,1.443516135029375702e-01
3.595488780333631098e+02,9.410050942714073274e-01,2.659260877879540130e-01
3.596536957096877245e+02,9.041562894080364954e-01,2.712015172716804035e-01
3.611095345449897422e+02,2.114950896916134582e-02,4.079996496037789910e-01
3.631747575524884155e+02,7.855905525808148937e-02,5.753663436603188019e-01
3.632757635627538093e+02,1.469026480293669223e-01,5.764840712986487592e-01
3.650458741495536970e+02,4.868004655793143343e-01,1.094962927739535630e-01
3.680353413306845027e+02,4.261000434792079350e-01,9.073438412399763564e-01
3.690044295119101321e+02,1.613285309342451512e-01,6.331604497173236590e-01
3.695616723374466233e+02,6.359553862688774872e-01,9.739944850916099073e-01
3.703543583770245959e+02,3.693170665479527104e-01,9.546167786282735435e-01
3.708071756478330485e+02,7.642021407741377281e-01,9.680302878305195868e-01
3.797417114752690281e+02,5.311586454954296821e-01,1.758655761354583902e-01
3.804062311083176269e+02,9.780906642393005779e-02,7.627273402205897446e-01
3.806717665597775522e+02,5.745199766478611414e-01,2.589962691770580916e-01
3.808171642811856259e+02,1.850522246116957925e-01,7.701021650643201655e-01
3.810898313024582080e+02,9.927510650052306929e-02,7.012503131238789766e-01
3.811057883680295504e+02,1.896217161031658049e-01,7.945022673821571235e-01
3.817589605911908279e+02,4.342037686411207575e-01,5.538659290865921569e-02
3.818299153367360645e+02,6.720880950002403598e-01,4.218070383253430533e-01
3.837058675272204482e+02,1.110808712397683973e-01,6.715490708201518055e-01
3.868492702232493343e+02,7.208942848075479137e-01,4.913336656418948456e-01
3.870589384468754588e+02,7.339500910249006083e-01,5.206704696701411894e-01
3.877709407412351652e+02,9.355729430499107879e-01,4.937667112145531778e-01
3.926917404546114199e+02,6.012005617910045618e-01,5.473859404200164258e-01
3.928817685116015923e+02,6.615984788161026753e-01,6.173457109229184558e-01
3.933921423014606944e+02,6.969810143514340028e-01,1.214309037255387747e-01
4.063156892404481368e+02,9.977516107893611430e-01,2.259977088925991806e-01
4.063516175209254015e+02,9.834237876666321876e-01,2.322681740913264958e-01
4.096580649700550794e+02,5.388196504599748193e-01,9.966434419493375163e-02
4.214143198149119485e+02,2.937947587253985082e-01,6.257915654984291809e-02
4.401565437291346825e+02,9.349669617668743271e-01,5.574997658526388289e-01
4.420236167081685608e+02,9.244988343913854711e-01,7.755599293519637172e-01
4.501475707239517305e+02,5.470317439541922955e-01,7.418332328876924286e-01
4.502871449358476639e+02,5.300640766858747410e-01,7.259667682881153494e-01
4.504524415041008183e+02,5.928026291886505650e-01,7.015399531870009087e-01
4.510790347019782871e+02,5.288014519369729216e-01,7.221205596880361233e-01
4.511184293972448813e+02,5.276646342706845516e-01,7.230501082409519498e-01
4.512871187271881581e+02,5.061637749509321216e-01,7.000384999085542681e-01
4.513430389389211541e+02,5.438508572880835779e-01,7.602707059207420848e-01
4.515121783070975425e+02,4.664793469981950436e-01,6.334516561527384626e-01
4.516440262321156638e+02,4.974640483671083357e-01,5.792110911350852875e-01
4.517827448191300732e+02,4.968742809608902578e-01,6.701760462371115779e-01
4.518099422242849528e+02,4.675371395248684170e-01,7.490972595479828966e-01
4.518856174641892949e+02,5.043460820059123551e-01,6.475802415712343940e-01
4.520453020435946314e+02,4.356785938099967392e-01,7.909557144605646739e-01
4.523570393058252535e+02,5.527257551110006384e-01,6.429138541960958131e-01
4.524368151828145415e+02,2.464956730510872163e-01,5.381215124636120617e-01
4.525100469619646333e+02,5.001691315680550920e-01,6.386134820487426866e-01
4.527672889497241613e+02,2.596136691180597200e-01,6.293674450535033937e-01
4.527868498353220161e+02,2.684785479243775308e-01,6.266272343262980771e-01
4.529496376516534042e+02,2.862684292435203615e-01,5.649993964195366702e-01
4.533440067431932903e+02,4.470360135489379605e-01,4.384367813662729541e-01
4.536100410447129434e+02,3.933240675840441458e-01,7.961970414954554487e-01
4.538116370242343010e+02,3.650367800677876140e-01,7.889245975126915056e-01
4.538625995323440634e+02,9.035028447732262880e-01,5.128570801216657538e-01
4.539431978051475767e+02,2.919803305231845059e-01,6.567374636481265737e-01
4.539478214418733160e+02,8.969411616978101298e-01,4.837014055365844722e-01
4.541378324025859570e+02,4.741984948810619160e-01,4.214827744935137899e-01
4.544367750720201684e+02,1.496016957219636900e-01,7.026513085606931330e-01
4.547178250290242545e+02,2.251766131171203389e-01,8.603040156442425257e-01
4.551989379808672993e+02,2.649407570265824852e-01,7.738173141261294186e-01
4.553466473421688079e+02,2.873065158631086247e-01,8.469307244959790593e-01
4.556511853249680826e+02,3.329558035800999072e-01,4.154279792677496586e-01
4.556739478763309990e+02,4.073490032633484415e-01,8.332249550288354234e-01
4.556880079892151798e+02,3.214081820530834133e-01,4.690041525512322895e-01
4.557472914419606695e+02,1.759720757745619757e-01,6.066109064604422452e-01
4.560908901066878798e+02,2.074745607729262531e-01,5.096412209992883247e-01
4.562430489642925977e+02,3.158534156468966181e-01,4.408702386902018100e-01
4.563662143833211644e+02,3.036947548518466045e-01,9.488885062941172510e-01
4.564671918541017703e+02,2.265299701484222439e-01,9.665728698700351007e-01
4.566117058966312356e+02,1.896205109645113795e-01,9.794948877809075416e-01
4.567151844346559528e+02,2.533922565102320057e-01,9.838943001830540158e-01
4.568193066243592284e+02,4.480628848172238943e-01,6.647924155700192239e-01
4.569329484636555208e+02,3.601422896376327287e-01,6.433181626179859114e-01
4.571933737662242834e+02,8.944440104402950897e-02,4.158579581189387753e-01
4.576921149732602316e+02,3.608334937905779416e-01,5.933157334838453645e-01
4.578898352631818511e+02,4.519046604715306614e-01,5.482503708225427985e-01
4.580296609196921054e+02,2.878260708333009177e-01,6.562444887609363287e-01
4.580656774867567265e+02,2.394924367558790568e-01,6.473322498317553020e-01
4.580982560583839245e+02,2.859712202022448579e-01,6.187322803777483005e-01
4.581912948460046096e+02,2.755337042467528308e-01,6.643204031058203007e-01
4.582173247248742882e+02,4.238527436299273088e-01,5.220597765262671164e-01
4.584919719654301389e+02,2.979967383733773678e-01,6.523170864827043669e-01
4.585757069709595157e+02,6.165964341374733371e-01,8.916105154438140890e-01
4.587290639766449090e+02,3.105214117392027795e-01,6.717081717292642251e-01
4.593689573221395790e+02,3.915696196256184258e-01,8.531616603560746581e-01
4.593864512224309351e+02,5.547285067611281706e-01,8.458721180617638780e-01
4.596137999227770479e+02,3.302404018696508681e-01,7.164378786938078170e-01
4.603103134474143303e+02,1.541396279744030595e-01,6.738107760564127080e-01
4.606865267348648558e+02,1.878628676638514072e-01,6.683371714302952515e-01
4.609250078949658018e+02,1.144253704864522936e-01,6.292500477793726565e-01
4.610798345822988153e+02,2.527872914049327235e-01,6.808083476614003038e-01
4.612305278675083855e+02,1.157750408120022945e-01,6.497749101663059523e-01
4.615907955742744093e+02,1.953520802149099067e-01,6.947412999957222057e-01
4.619436880313029405e+02,2.410335778820139607e-01,6.820437756346712233e-01
4.622561768056337996e+02,1.739137588686910929e-01,5.633855477548013191e-01
4.625436672045797195e+02,1.738190686183003208e-01,5.952929449757815572e-01
4.632796412864205422e+02,1.462733772840041357e-01,7.782382615324990871e-01
4.633656437185654795e+02,2.411185907406554474e-01,9.881184274226952891e-01
4.648053552644532260e+02,2.317935466906533293e-01,6.833559145891998643e-01
4.660253498623778796e+02,1.463703740824515709e-01,7.524957526530545726e-01
4.660603169097966543e+02,1.183194813705926718e-01,7.787726698205154063e-01
4.663546362318895717e+02,1.643659000296145978e-01,8.551370767371145876e-01
4.666678726970341131e+02,2.049897456450433531e-02,7.162383642386608296e-01
4.672314961851733415e+02,1.000290276405946255e-01,7.603421382391127858e-01
4.676370670859191137e+02,8.422846285647392905e-01,8.439502994201576458e-01
4.686799643271942841e+02,7.811703934441833752e-01,8.188164710526768530e-01
4.687751144454094288e+02,7.990349479483817019e-01,7.964938271765363842e-01
4.693569116274912858e+02,7.692954155343137979e-01,9.681061907742770645e-01
4.694273892219235904e+02,2.504656570634665735e-01,5.789179947992002528e-01
4.694368079357821557e+02,2.366082205003500194e-01,5.823955581627006106e-01
4.694925536121493792e+02,2.350275233137105735e-01,6.045306600028997890e-01
4.695144009171556831e+02,2.042775972994596012e-01,5.972520944293033818e-01
4.695879415795720888e+02,2.200776764640274274e-01,6.349906434118088860e-01
4.698785414756350178e+02,1.595420075001785509e-01,5.522444258322152244e-01
4.701309136368590202e+02,2.971988017248585745e-01,6.107884936499471396e-01
4.703647363820755345e+02,3.197196645638900048e-01,5.887060485064080639e-01
4.705794794160075298e+02,2.945239170149297481e-01,7.904180378154507247e-01
4.726788380439837169e+02,3.601214051807507532e-01,4.311230625153185114e-01
4.733755332532289231e+02,1.301798013062598347e-01,4.386481276716720501e-01
4.925156151242470060e+02,6.798888128078673931e-01,6.933145401128428809e-01
4.959278252075787350e+02,4.582134157393579210e-01,4.490243882542543918e-02
4.968136767818349426e+02,7.977658777786666988e-02,9.132284594639045183e-01
5.100696388557167893e+02,2.328117177690068873e-01,6.603959271412064291e-01
5.112649942927619691e+02,1.732850987893053141e-01,6.217201113351938924e-01
5.115380789459152879e+02,1.473695504450797111e-01,5.756124542435271385e-01
5.120550388679195066e+02,2.233949515878755898e-01,6.421288256315862419e-01
5.121526637245391385e+02,1.329817153071842784e-01,7.308245784757199104e-01
5.124940267807338614e+02,8.706037653425102718e-02,7.218634185004866310e-01
5.136712632535754892e+02,2.551141901028729508e-01,6.119594494304415599e-01
5.136724686433715306e+02,3.556177198212614465e-01,6.671025135285867380e-01
5.137831510592026234e+02,4.007127072792009415e-01,6.757868508423575671e-01
5.137949354555473747e+02,1.943483971319982517e-01,5.664524237691733743e-01
5.140376134767282110e+02,3.825813793030817811e-01,7.652183172148790957e-01
5.144271353180254209e+02,3.108605779066935249e-01,4.762648708723463686e-01
5.149798102909295494e+02,3.513246498751737557e-01,6.906246368020551030e-01
5.154094599125724017e+02,3.415564948630620545e-01,6.265802738392385329e-01
5.270000037633288912e+02,1.641137680640714080e-02,5.589464697943770100e-01
5.284609594534698545e+02,8.498975368469202651e-01,4.222306987545996204e-01
5.285003952734200539e+02,8.406679641830596683e-01,4.544899499043829616e-01
5.293298665525207980e+02,7.799842504594839410e-01,6.199862187744688002e-01
5.410691522102154067e+02,9.826019749840474438e-01,2.674547081551204020e-01
5.416085228911960030e+02,8.917745302811033170e-01,2.970958856986395391e-01
5.422580334095562193e+02,8.307994541536182220e-01,2.379488496939685671e-01
5.423646130912329681e+02,8.275828293325047103e-01,2.456643125339145195e-01
5.447842504026806409e+02,7.823137661381078800e-01,4.825434648892089617e-01
5.450059886081162404e+02,9.116467276493944727e-01,2.367008556231149363e-01
5.474055875846936488e+02,9.406516544522021128e-01,5.778701906950131084e-01
5.475551156932799586e+02,9.323049922090820285e-01,5.514896278362058091e-01
5.490208399347699242e+02,8.412564516606606535e-01,5.236170922447858089e-01
5.495893428608899285e+02,7.171158623957121225e-01,6.474236867519252980e-01
5.500069309070192958e+02,7.156945145191776492e-01,8.543641259527312570e-01
5.503186917999547632e+02,7.408089654999188145e-01,8.141461613095223315e-01
5.503385911525779193e+02,8.315046738324074482e-01,8.393349178888335205e-01
5.505794436836114301e+02,7.776741915372057390e-01,8.023052364328910890e-01
5.522880852552990518e+02,6.786544503175385712e-01,8.005713329145366375e-01
5.557783506098382986e+02,6.781920336203484112e-02,1.104663242135739409e-01
5.690917773262182209e+02,9.871727593244505883e-03,3.360666489521075828e-01
5.986151533791334032e+02,9.181919161356454362e-01,3.530894972595819414e-01
5.992071977357741162e+02,9.793278452701944525e-01,2.617202167365735299e-01
5.992232828562371196e+02,9.575880918161215893e-01,2.858710521972802621e-01
5.994421242105377132e+02,9.719457887143684305e-01,2.226984018400953724e-01
5.995944115454516350e+02,8.207367596994091796e-01,2.432400100776073160e-01
5.996203852840632180e+02,8.927488232545059965e-01,3.449890912321479375e-01
5.997190766766638035e+02,8.674224576500110251e-01,3.389405652202928110e-01
6.014928291865694518e+02,4.698431592450973415e-01,5.252893144299148886e-01
6.025591870263493774e+02,4.705175399273618941e-01,4.809353956598402258e-01
6.027659913804187681e+02,2.789479939243230122e-01,3.142114115190240975e-01
6.028262520495723038e+02,2.742383505363000795e-01,2.921894339274008212e-01
6.029031718404381763e+02,3.498469760323026367e-01,3.755138447987115269e-01
6.029827018191695061e+02,3.323243691933895905e-01,3.715929558013381095e-01
6.031434479753602318e+02,3.113468380873656294e-01,4.362415589971184726e-01
6.036731492976235813e+02,2.886219429354691668e-01,4.230770917656723196e-01
6.037104304252657130e+02,3.064774842573103619e-01,4.481648144236490827e-01
6.037114431496372617e+02,2.732653781161631379e-01,4.252403956409882557e-01
6.038973150453382459e+02,3.226806598005412807e-01,2.293669183802753420e-01
6.040144354179315087e+02,4.174392787185531306e-01,4.341071833546523706e-01
6.040202972239903829e+02,3.944305529875459237e-01,5.055315409578288177e-01
6.040378808584123362e+02,3.932350528682346802e-01,5.029041685989992239e-01
6.041368035733316901e+02,1.612772496302533609e-01,4.278122797992487403e-01
6.041819126631374957e+02,3.390153135519442529e-01,3.400259500328350892e-01
6.042185188320867155e+02,3.680275664769525612e-01,2.326408204662891999e-01
6.043539231698091498e+02,2.914414641255309579e-01,4.566893088962959979e-01
6.044610041677823347e+02,3.916086915640496491e-01,1.525779436278019707e-01
6.046447138768886589e+02,3.221749932940527472e-01,2.108757587583973692e-01
6.047286763557634686e+02,2.728482291378847568e-01,2.238226068662295676e-01
6.047552781150714054e+02,2.640152513893286867e-01,7.004728605925265583e-01
6.047936572462519962e+02,2.711757680553296135e-01,1.645521155876732422e-01
6.049797564362183948e+02,4.211934737293971942e-01,9.198914718590878170e-02
6.050277839840072147e+02,2.697254704402050063e-01,4.108511043021487730e-01
6.050684166818687117e+02,4.615631530364134871e-01,1.528143057094386581e-01
6.051138547061117379e+02,3.342239019322832405e-01,3.242305411363689549e-01
6.051244396736184399e+02,3.049776510040147492e-01,6.671756328830343863e-01
6.052028945703395948e+02,2.588363204075585511e-01,2.008625300161859251e-01
6.052360124567079538e+02,1.288379989368865219e-01,3.050144861623311776e-01
6.053052827209527322e+02,3.166206699285123438e-01,3.166295612358182021e-01
6.054666480120430379e+02,1.930555657267826186e-01,1.854690460169777788e-01
6.055727026103747903e+02,2.057256489201929606e-01,7.858662802648928025e-01
6.056040800364494316e+02,1.896273544114096543e-01,7.475450298957790896e-01
6.057389985397971941e+02,7.062651952896614738e-02,3.494638284327867828e-01
6.057407027749777626e+02,2.461871448134049789e-01,1.214521267024661899e-01
6.060357765623017485e+02,5.408234857908678084e-02,2.968261451438204412e-01
6.061584523450768529e+02,2.332475140978484962e-02,2.519774481241439101e-01
6.062028375533102462e+02,1.616826081480022825e-01,4.945621304536572671e-01
6.062249276848261843e+02,3.024010441150022377e-01,7.882726676799745036e-02
6.064312154343506336e+02,5.263265527109269870e-01,5.099275585931661858e-02
6.066149360314340129e+02,1.518126835616295800e-01,7.757742360916053403e-02
6.067371590803868457e+02,2.273567045375133322e-01,1.433206547170435829e-01
6.068732753100197215e+02,2.087229940753499990e-01,2.911787292784595582e-01
6.069717818545633463e+02,2.925603068443388688e-01,2.509816219733430609e-01
6.072044003794557057e+02,2.568518729799124101e-01,3.179153392865240457e-01
6.073111428839110886e+02,5.909448488086810336e-02,1.006010224967240907e-01
6.074302598043661874e+02,2.660920183991097865e-01,3.683037454369116892e-01
6.080008041268176839e+02,1.695841443310963648e-01,1.077332225950267119e-02
6.151015202587229851e+02,8.967398375266805166e-01,4.746159386264210411e-01
6.153335361650899813e+02,9.034771533009247069e-01,4.897046957090746000e-01
6.160113970095900413e+02,9.557887052662435989e-01,5.592934720526179238e-01
6.163338939182370950e+02,7.927454351647970077e-01,4.238362421344056274e-01
6.169461344967472769e+02,8.143749814551182187e-01,3.840221799404399672e-01
6.184609533931771921e+02,9.491339263543253635e-01,5.619319222778711431e-01
6.185583465082668226e+02,8.926973748075039961e-01,5.847084651253321441e-01
6.197970084362918897e+02,9.262433888892439571e-01,6.009885252379075782e-01
6.208467763691074879e+02,9.843417258997850805e-01,4.777739695529618080e-01
6.219621098956706646e+02,8.940594358252973439e-01,5.089972618669803550e-01
6.231565878212024927e+02,1.869875097019443322e-01,2.312329421951269115e-01
6.232668478050560452e+02,1.627459807689963789e-01,2.139503738253337728e-01
6.242555194665671934e+02,2.753571110365428121e-01,1.575523548713736455e-01
6.242726843446620251e+02,5.742815892955821511e-02,1.505579326185960687e-01
6.244016448625468456e+02,2.518712924334429726e-01,2.480437359475120562e-01
6.335353733146483819e+02,6.734326387162472560e-01,8.460323182478310944e-01
6.342342866618433845e+02,5.969462383913538561e-01,8.704356936059439720e-01
6.500195599179446617e+02,3.800338137668977101e-01,6.034208831508400817e-01
6.507805661347855448e+02,3.015163330260175467e-01,5.710419103304952282e-01
6.527706994609790172e+02,7.581490190738627843e-01,2.088961755045780633e-01
6.532252768968406826e+02,7.414360519796496796e-01,1.764108192278796006e-01
6.541634606206116587e+02,7.743108309602938499e-01,1.792112797907448041e-01
6.544184710046328064e+02,8.751311724309842610e-01,1.623642798783242469e-01
6.548295568943319722e+02,8.013574470710314035e-01,3.131852604011391428e-01
6.550387783085431010e+02,8.198875184263826332e-01,3.302278387874323373e-01
6.560190601088366975e+02,5.700494361126779985e-01,4.596319500395925628e-01
6.617449055669834479e+02,7.877322385283622719e-01,3.573333058333438839e-02
6.624724787010025011e+02,7.210010352314814019e-01,7.352048120010429288e-01
6.627181707538114779e+02,7.205539972145271754e-01,7.776345834472979668e-01
6.643753760565579114e+02,9.493040926218455633e-01,7.567779161713685809e-01
6.644000937755427003e+02,1.025567297850169535e-01,6.616720384198515603e-02
6.645131000694518661e+02,4.405826058282724667e-02,4.148156234884647908e-02
6.705119540156197218e+02,6.859718838392816487e-01,7.918345719387047676e-01
6.708246591779329719e+02,7.357860267525170306e-01,9.247731320985281833e-01
6.709476504592104220e+02,7.738770045245163542e-01,9.317415790857849212e-01
6.713647147108284798e+02,5.159323927664006826e-01,8.170303339521514108e-01
6.735332287694640172e+02,8.981656722276009086e-01,5.637439175805297742e-01
6.738764797990936586e+02,9.704259197350204591e-01,5.912705380029150692e-01
6.742764240860379914e+02,9.464737064153592172e-01,5.678096200168929464e-01
6.798207005605959239e+02,4.024599957850664156e-01,3.167874344962119393e-01
6.882778162898673600e+02,9.389655994538319561e-01,5.578522373882788266e-02
6.939620570648444300e+02,4.874045416172086975e-01,4.938728609124213298e-01
6.941953962629438593e+02,4.713271368591535060e-01,4.723944730109866930e-01
6.956415348381757440e+02,3.801237302867236378e-01,6.305483141844296924e-01
6.960256879879445933e+02,3.542231491729781467e-01,7.867547065300953824e-01
6.966661354439410161e+02,3.612396263796676665e-01,6.144175475582144275e-01
6.966943028192536076e+02,3.536856887777231062e-01,6.036842894366539758e-01
6.967827036501673774e+02,4.311979167980665162e-01,6.577301200142856574e-01
6.972657283470900893e+02,2.546854735775149203e-01,7.427111414666688338e-01
6.974351676363752404e+02,2.364326453964539221e-01,7.322523767443290810e-01
7.000541872560439742e+02,9.047235044187943442e-01,6.870394513568522932e-03
7.004563372510737054e+02,2.343353862037280688e-01,7.563967920875337425e-01
7.006228321921062161e+02,3.427941240081590069e-01,7.462494359085409812e-01
7.012436302015245246e+02,2.904089447654590872e-01,7.304555101454213162e-01
7.013450948460151722e+02,3.255190154583333939e-01,7.481069800548445503e-01
7.018190974876056316e+02,3.397674288661144404e-01,7.439859506831953961e-01
7.018605439501988030e+02,3.633873638388800398e-01,1.415855733088411395e-02
7.030065724193624419e+02,2.199245388103858723e-01,8.976040121078548983e-01
7.031866939092586790e+02,1.789391818768505393e-01,9.305107282497784293e-01
7.229694333959215555e+02,7.769725032661779496e-01,3.277226618685668003e-01
7.233087051137152912e+02,8.264354263842157433e-01,2.398944254564860934e-01
7.286668712669493289e+02,4.063094473183316291e-01,5.442519654503841231e-01
7.474626338259264458e+02,4.571794378972775519e-01,9.337718459648307601e-01
7.475338239673317275e+02,4.522393903557417882e-01,9.658107084162570466e-01
7.477192223982565338e+02,4.240271439876069914e-01,9.081733194349705940e-01
7.486631913565735204e+02,5.482884111775330194e-01,8.855947903442403790e-01
7.486905666437105538e+02,3.492019281562798172e-01,8.367921211112837598e-01
7.491193892358973017e+02,4.697357689364283218e-01,8.600656102474354414e-01
7.491522607240862044e+02,3.273099545948450206e-01,8.794741066395418416e-01
7.502828747381690846e+02,3.202729019350497586e-01,7.604206206200241347e-01
7.503152644893648358e+02,3.178122295766625527e-01,7.469070866426514854e-01
7.503348989009081151e+02,3.432850349934341017e-01,7.521432293192532592e-01
7.504893486043815756e+02,4.102047651769549219e-01,6.902830686616089340e-01
7.505994042204804373e+02,3.630789807122344337e-01,7.773286526509538552e-01
7.512555341536154856e+02,2.752677061195558661e-01,9.376795913654022430e-01
7.516860117170967897e+02,2.734391934682455227e-01,9.207271083842780701e-01
7.521033088013953147e+02,4.056836540923881573e-01,8.160278536173904973e-01
7.522043901152501348e+02,5.817319960762629139e-01,5.769962523981595481e-01
7.522603382018613729e+02,2.297482086899418352e-01,7.757649461894177145e-01
7.526075867555640571e+02,2.566430648350228605e-01,7.715894412551403958e-01
7.530444839901338128e+02,2.298603073524343454e-01,6.997381036472792859e-01
7.624651163853280877e+02,6.351065546710854548e-02,8.960749152512325066e-01
7.815118290232719573e+02,4.231697488921022376e-01,2.959776521250303549e-01
7.860994472183333528e+02,9.104691561575276593e-01,6.101246649415710266e-01
7.872844403413666896e+02,7.649465839507229026e-01,4.121480667081206528e-01
7.967002986449024320e+02,1.940740623530906594e-01,5.466745451456764826e-01
7.976088854396726902e+02,4.439722825020558927e-01,3.041080460680305464e-01
7.982892899731657508e+02,4.631508679102143144e-01,3.611620771120287454e-01
8.038301454232039305e+02,6.707808975389929484e-01,3.894591050930552578e-01
8.040682923279441638e+02,6.975967502160869138e-01,3.813364087279830228e-01
8.047726338267171968e+02,9.807883842740267033e-01,5.918390195342637661e-02
8.049292802925117485e+02,5.875379278563067631e-01,4.794182471481064356e-01
8.058085691881374260e+02,6.931217359670321931e-01,5.659466978374494417e-01
8.060630514532417692e+02,6.788850130665298188e-01,5.047218169936388277e-01
8.141351100969368417e+02,4.543192951554310133e-01,2.202638650516267615e-01
8.148525481048484380e+02,3.516952065980266662e-01,7.888623776602443627e-02
8.150999860507982930e+02,4.268968332224231110e-01,1.229541837925258729e-01
8.155423871908681122e+02,3.914476024153422662e-01,1.181911812357938629e-01
8.156271043086923100e+02,4.070003691960913939e-01,1.606591032687940679e-01
8.157986730426556505e+02,4.448136840301523121e-01,1.925242986957087510e-01
8.159026547492840109e+02,3.086235343168790557e-01,1.411352389186798506e-01
8.161281328603552083e+02,4.078700367208183408e-01,2.006897053448315482e-01
8.164302345833414165e+02,3.046517479784583982e-01,7.178282033952321228e-02
8.164503795937675932e+02,5.238787701106061290e-01,1.520538211898514458e-01
8.164821523771844340e+02,6.505843906043209390e-01,4.457519062083424854e-01
8.166619108242927041e+02,4.523817087307041573e-01,1.009329872082186386e-01
8.168932476790802184e+02,2.852016941188201260e-01,6.600332472568470887e-02
8.170275971586205515e+02,3.717695061387081834e-01,3.275233976190153884e-01
8.172872200684927293e+02,2.473716265701966233e-01,3.465625422039808612e-02
8.181612209224150547e+02,2.479278609029074154e-01,7.062046590672221846e-02
8.183568209770769499e+02,2.365572694363068385e-01,3.221714459044977552e-02
8.202426661091061533e+02,7.033139647677409956e-01,2.019946881680879658e-01
8.203054015552402234e+02,6.826125134025886609e-01,2.128715160551516439e-01
8.203723891946385720e+02,6.933633574510443820e-01,2.188171802408919175e-01
8.204005045091743114e+02,6.091084681316245586e-01,5.397131462614018771e-01
8.205894218187412434e+02,7.167670654380818851e-01,1.676162422088945947e-01
8.208763683327790659e+02,7.808972405201083378e-01,3.000700677219002577e-01
8.209234783804565723e+02,7.504660194412058338e-01,6.319184401909051507e-01
8.212103110260223957e+02,6.820407262937889792e-01,6.209268474585516451e-01
8.212654514622105353e+02,8.262971014673302639e-01,6.930128085669055027e-01
8.213161264760764197e+02,8.080825238447548742e-01,6.835627118959799464e-01
8.216829861851340411e+02,8.986569555138718135e-01,1.971677939107073785e-01
8.217175497938009130e+02,8.016257195896431265e-01,5.987862621803999863e-01
8.223569702547076758e+02,8.726361265202948747e-01,7.343001701571802986e-01
8.228683081390495317e+02,9.648632287843399435e-01,2.191891737897229131e-01
8.231886225068803924e+02,5.995031893461622019e-01,5.802214661900465531e-01
8.233047676926947815e+02,2.092438545521685400e-01,7.464507200014174337e-01
8.235441941559374754e+02,9.362677923201272456e-01,1.303845520493284171e-01
8.237752928400609562e+02,5.090821251380279744e-01,5.130926908943718168e-01
8.239890981738710707e+02,6.573544257044388051e-01,6.928219597944328401e-01
8.243731694814536013e+02,9.454096059072796265e-01,5.236925716538172182e-01
8.244589992483415699e+02,5.904593289607922291e-01,7.139770515653084404e-01
8.244843224327474900e+02,6.193591077633214814e-01,6.749782273196839322e-01
8.246973641077481716e+02,9.461264152599495603e-01,4.475410687897306561e-01
8.247161790833849864e+02,9.633472422077749009e-01,2.001544664518327687e-01
8.249850520798144089e+02,6.239231165730030337e-01,7.182174086524089063e-01
8.253735473962193510e+02,7.794772746199840618e-01,3.217965192329345081e-01
8.253848935572813161e+02,8.322991915110427019e-01,1.041071927004518782e-01
8.256266311960804387e+02,5.966229342859301621e-01,5.866668119027825812e-01
8.256586239741798181e+02,8.342390470873618513e-01,8.303002808954051961e-02
8.256700681305126182e+02,5.657269940449090040e-01,6.951490588559621209e-01
8.258025661784977274e+02,5.949379363016220612e-01,6.861094520419226406e-01
8.258361516342722553e+02,5.890619073932885641e-01,7.158046504249632180e-01
8.258494310033606780e+02,5.491153233486496532e-01,5.325515801551722328e-01
8.258654137143691969e+02,5.361044645806963826e-01,5.322364696721598731e-01
8.258857412146359138e+02,5.213120363006644720e-01,6.502866813297307758e-01
8.259863595264205287e+02,6.378511553186126948e-01,4.612175833358612698e-01
8.260098811106137191e+02,6.730710217516042704e-01,7.814610287635543884e-01
8.261808433447624793e+02,8.466847266193981980e-01,7.365091823511282776e-02
8.262932582863636526e+02,6.894524941525163042e-01,1.336075062196105945e-01
8.263591892317143675e+02,6.056764615214204062e-01,7.625266331539140019e-01
8.264185363423039234e+02,4.856663961164756627e-01,8.074453593585430022e-01
8.265823248434774086e+02,5.928175704139612145e-01,7.406186944745669631e-01
8.265941476963886316e+02,6.099977139932776238e-01,7.472239762169878841e-01
8.267862697991665755e+02,7.027323756794051635e-01,7.199343993751123882e-01
8.268734986445182358e+02,5.665974575103506217e-01,6.977834474571877887e-01
8.268916216558450287e+02,5.589636038334652168e-01,7.105779831946045233e-01
8.269588491779404649e+02,5.330818249288277189e-01,7.962869999600528104e-01
8.270074420199252927e+02,5.097029703875302076e-01,4.908422038001054588e-01
8.271792148530435043e+02,7.464807410732842152e-01,8.382397174454653266e-01
8.276136469434911760e+02,4.950673079400247367e-01,8.864858633349881334e-01
8.277386203292041955e+02,6.089047996257166417e-01,6.142651628947253251e-01
8.278484782596337936e+02,6.855860680026510945e-01,8.125572437496317857e-01
8.279130858412544285e+02,5.692513186138651315e-01,7.857847494582649306e-01
8.279775051187907593e+02,6.619482030043369880e-01,8.138196829882583527e-01
8.280191814130874945e+02,7.716298679030144658e-01,3.043797019305307661e-01
8.280256346810153900e+02,4.899474815235556058e-01,7.396231279133619330e-01
8.282165134415838565e+02,7.241538827268936274e-01,7.530007353388815661e-01
8.283207234773533401e+02,9.258810636950135509e-01,7.594979736272731152e-01
8.283525344156915935e+02,1.072939240874722922e-01,4.210404161096096276e-01
8.290726667597215283e+02,3.862666271261889772e-01,8.954881919058937934e-01
8.291219445547826581e+02,8.234683971255007950e-01,3.780613097746892137e-01
8.293555602166668450e+02,9.667388903075545548e-01,7.122585748676437678e-01
8.294150220042191677e+02,5.560728567092514396e-01,8.722272009482837651e-01
8.294596439757144708e+02,7.310824835576062997e-01,7.446295754700634761e-01
8.296418434870802230e+02,5.351148490316102180e-01,6.249687694599662668e-01
8.296721858829056373e+02,8.599287842725642506e-01,9.200915387126556988e-01
8.297664315844571092e+02,3.089899709152450491e-01,9.093634899141095351e-01
8.299027133996779639e+02,7.636489179943960481e-01,6.284323567141208988e-01
8.300219145552422333e+02,6.097508791220668245e-01,6.733304025631481338e-01
8.302883927189320730e+02,2.259967089623231562e-01,4.466477322085162793e-01
8.304597828519267750e+02,7.592636310644044206e-01,7.034461385134640476e-01
8.305208603853213845e+02,5.876701504029196999e-01,7.804314982633639985e-01
8.310535717158466014e+02,6.486894627379586886e-01,5.409566420092913885e-01
8.311258532489449635e+02,4.448921027803408590e-01,7.616730310734222131e-01
8.311645575319662385e+02,9.434070078256298064e-01,5.872870469744688737e-01
8.313968343127431808e+02,4.527251886566457939e-01,7.861496875211646529e-01
8.315957711389669385e+02,3.913270705691698215e-01,7.762733799714774952e-01
8.317374338884831104e+02,5.651478126273827840e-01,7.341701788792702743e-01
8.318472634409791908e+02,2.542567059963084519e-01,2.337471413368383821e-01
8.319029618575345921e+02,3.696191250574433207e-01,8.753071757305591616e-01
8.319416309876010018e+02,2.317761063398225962e-01,1.463253963708996963e-01
8.322281974511478211e+02,2.967411268495228072e-01,2.853598485020947262e-01
8.323259111529414440e+02,4.795030459202681561e-01,7.351708850663921657e-01
8.324193489711149141e+02,3.485797616541777000e-01,2.716029591350597183e-01
8.324997255361635098e+02,3.050951485728762291e-01,8.685452291245117085e-01
8.325845887094735644e+02,6.429728281857599592e-01,6.201046356857163877e-01
8.326810857710358960e+02,6.508020361756594596e-01,6.295872154126034292e-01
8.327364458046615709e+02,6.727864020303819803e-01,5.852820126100272136e-01
8.327426726637650063e+02,1.037457098873790784e-01,1.763998983769756723e-01
8.328281211972068832e+02,2.898185210577817195e-01,8.302674569613556210e-01
8.328686845648519466e+02,3.425504427400957175e-01,3.765261787087447187e-01
8.328770725155221726e+02,6.722511122636772862e-01,6.788024850746284811e-01
8.330775689342748365e+02,3.606478054066508676e-01,9.038905025515368008e-01
8.331646364910402554e+02,7.906416982693154072e-02,9.519013731836323267e-01
8.333325937530340752e+02,5.078021397662009218e-01,6.778288762764722586e-01
8.333594128998186079e+02,2.907188088758897448e-01,9.603971695747280934e-01
8.334366868509822552e+02,4.681398007983006426e-01,7.035869555453492241e-01
8.334951652218857134e+02,1.450766592188235116e-02,8.843076237722490296e-01
8.335271260231724000e+02,9.445953407624008147e-02,9.628029575084406932e-01
8.335282452571120757e+02,1.475568482227407330e-02,8.750074734553653366e-01
8.335716168121468854e+02,6.858748124718812011e-01,5.098762768537160595e-01
8.336256261486636276e+02,2.720617579179482881e-01,7.573049414563715054e-01
8.337847685535573419e+02,1.713250277576201519e-01,1.778454606219136425e-01
8.338146888494733275e+02,2.988541341737441792e-01,7.279967103271010043e-01
8.338663200132383508e+02,9.354067466707750578e-01,6.289337557313059435e-01
8.339076130718486866e+02,1.948361873077527617e-01,9.385871370337005581e-01
8.339395330209360964e+02,5.822027976916414049e-01,4.931035863098461869e-01
8.341927237013890135e+02,2.527514422405556793e-01,6.742031351105099990e-01
8.346967250917286947e+02,6.657407953312929338e-01,3.477683338873711616e-01
8.350729563935763053e+02,3.740283489033856545e-01,7.166325139110446552e-01
8.352295966865493710e+02,3.519845675901742688e-01,6.959547155643157623e-01
8.355923120915412028e+02,4.196162825713611877e-01,7.845465748671415218e-01
8.357038303425163122e+02,3.726405505078137503e-01,7.577641480400204577e-01
8.359048731326680581e+02,1.452899363744595274e-01,6.952034375854680981e-01
8.361106816640090074e+02,4.199456517169968262e-01,7.536469880917157083e-01
8.361472903346873409e+02,1.906822213920017495e-01,7.325784422011468733e-01
8.361772326252560106e+02,4.094047517027151750e-01,8.677160826690781814e-01
8.362024056562880787e+02,4.156848835987868584e-01,9.152534952615524189e-01
8.362855680930938433e+02,4.436349500942897706e-01,7.677100757703316791e-01
8.366040924102164809e+02,2.177626951695741386e-01,6.801305311782952501e-01
8.367519821773508966e+02,2.175426965016806768e-01,6.111249255145910775e-01
8.368775304287088375e+02,3.311718686369856668e-01,9.213504028427828008e-01
8.369468587979638414e+02,4.007810357373460253e-01,8.977769494141285556e-01
8.370603923077205764e+02,4.204372503876313560e-01,7.452850251844956864e-01
8.370636533137835613e+02,4.149909640135118760e-01,8.706217921435560614e-01
8.372779283976231000e+02,3.653639113723009535e-01,7.982474177489143896e-01
8.373198297163387451e+02,4.599783476321619435e-01,7.648166037497968750e-01
8.373349748564309039e+02,3.832959231687624868e-01,8.005389181859310366e-01
8.374840311210836035e+02,5.041776847422770880e-01,7.352094453895994253e-01
8.374994147547540706e+02,3.774400006254033935e-01,8.390377812023034343e-01
8.375438609242013399e+02,3.400614858861025214e-01,5.623756882492615405e-01
8.375896154621085543e+02,3.161428184819974341e-01,9.571559430223286480e-01
8.376159658485416912e+02,2.452170130224253786e-01,7.606579746469653847e-01
8.376161268379207741e+02,3.952612093969761764e-01,7.102953974719666830e-01
8.376948968700224896e+02,3.242469470948493582e-01,9.232549253763013830e-01
8.378853205162049562e+02,5.334806040155872786e-01,6.745507935043590919e-01
8.380033839400828128e+02,2.759542581144737161e-01,6.838047984979713778e-01
8.382211130476513290e+02,3.285661239012084289e-01,7.014803254702209889e-01
8.382217004144877137e+02,3.317984113763395859e-01,6.411715929850224649e-01
8.382958331834730643e+02,2.292721609932143467e-01,6.190585921445945772e-01
8.383758139890669554e+02,3.476604387521632367e-01,8.986839045677336157e-01
8.384262825907354681e+02,3.615681832565655895e-01,7.356029628967932776e-01
8.384463573672766188e+02,4.965678135869084908e-01,7.659391467290032063e-01
8.384753451121888475e+02,2.664239775134598087e-01,6.026260170892057122e-01
8.385666125848380261e+02,2.836579487396165833e-01,5.118850248917957702e-01
8.387133985015245798e+02,3.966007143159091530e-01,8.013015086635911777e-01
8.388298739613885573e+02,5.945816851147672777e-01,7.898223197973308629e-01
8.388633496524271322e+02,2.606457491331143350e-01,8.456564122518281934e-01
8.388803212478876503e+02,2.732095224715964665e-01,6.669235081252368191e-01
8.392639228712722570e+02,3.774272800119751192e-01,7.732058464627041827e-01
8.392688148129244610e+02,3.536565197190729704e-01,8.989018361565922488e-01
8.393255455976099029e+02,3.730453916505266365e-01,5.540861320355759956e-01
8.393771075795552861e+02,2.905539297016725975e-01,8.800315456593734709e-01
8.394388976812725787e+02,3.239511842259416019e-01,8.709993632478997272e-01
8.394789076112743942e+02,3.675640894895613187e-01,5.384900186381501586e-01
8.395296604948352979e+02,3.076605777642986705e-01,5.815734543730719519e-01
8.396066997547699202e+02,3.425268932557040680e-01,7.013333421978225068e-01
8.396489617999517350e+02,2.758684751544334679e-01,4.488780715551079492e-01
8.397365927311478799e+02,3.197361741224997722e-01,5.104431142048830861e-01
8.398129217235881470e+02,3.469907336481747873e-01,8.534717597688611379e-01
8.399113930494024771e+02,3.614273860401888694e-01,9.326492872265251810e-01
8.400335839097047028e+02,2.897955385510456727e-01,8.778560414152138947e-01
8.400352287532358559e+02,2.112764653877252652e-01,8.990670063439638593e-01
8.400852709837762404e+02,3.632260290233338962e-01,8.901449781903943981e-01
8.400936663712457175e+02,3.269121160549877114e-01,5.278357012585350727e-01
8.401644536723812280e+02,4.070040924051518960e-01,5.993871721224141025e-01
8.402298391117615211e+02,4.085310766787173531e-01,9.141823931147777804e-01
8.403226113947470139e+02,2.583526870579752055e-01,8.684428293898585061e-01
8.403235410002860135e+02,5.265757502150840708e-01,6.816838529404504188e-01
8.405207768041135523e+02,4.049414854201121017e-01,7.944750406768157358e-01
8.407404666133945739e+02,4.029851010327575311e-01,8.279806124205874029e-01
8.407796985340696665e+02,2.408215980188517236e-01,4.785919857955114320e-01
8.407958471954632387e+02,3.451161920848639930e-01,5.194009537079975480e-01
8.407984896202010532e+02,3.749796460992116387e-01,8.955575250797853659e-01
8.408238941262496837e+02,3.497510996461125066e-01,7.945971753694466289e-01
8.409840225324634275e+02,4.235358626770393542e-01,8.215954405173941932e-01
8.412561460990161777e+02,4.838086350384432910e-01,9.499539442458845295e-01
8.413932741573438534e+02,2.945025093324765697e-01,8.932224510347804847e-01
8.415996221510539499e+02,5.542482908647797801e-01,8.170947783960625932e-01
8.416352920266548381e+02,6.796101544928954130e-01,7.866314229235545907e-01
8.416751997482909928e+02,5.392063895902373671e-01,8.430551508868709965e-01
8.418104284827127231e+02,3.504448500512191700e-01,5.300017144967499316e-01
8.418534184904348194e+02,2.239519725952195950e-01,8.329010993235819171e-01
8.419178387110301856e+02,5.054328762337573222e-01,8.066169531996597586e-01
8.419316007680247367e+02,2.769888191865658156e-01,6.799579491171446888e-01
8.421215250860444712e+02,3.976837610925414435e-01,9.384905304654399538e-01
8.423393196048667733e+02,1.509470817299919387e-01,6.168001817577143386e-01
8.423543662201018378e+02,1.165325025393644243e-01,9.405673822706244191e-01
8.424310657995187057e+02,9.827336867410474408e-02,9.859003056931253672e-01
8.424546088679242075e+02,1.042415195311199305e-01,9.333002083157452278e-01
8.426649645134475577e+02,5.051549451134553781e-01,8.330664177084277089e-01
8.426691482025865980e+02,8.652895392574890820e-01,6.102234379783315621e-01
8.427302621281438633e+02,8.883064260337719675e-01,6.420182455981114922e-01
8.427995667821270445e+02,1.997985494080040114e-01,6.213522636027425383e-01
8.428130571774771624e+02,1.872627639674595557e-01,6.235931335807745057e-01
8.428378801964680633e+02,4.038291621467510195e-01,8.663432178300696229e-01
8.428425879433698356e+02,2.045696252132820359e-01,6.015529731818582970e-01
8.430221725311649834e+02,4.139417476301533450e-01,4.604443293551360172e-01
8.430772048545883308e+02,2.153075754842030953e-01,6.275921881980437433e-01
8.432637314164544478e+02,2.223635685135441076e-01,9.496548100666079018e-01
8.433112598289606012e+02,5.897127195752578377e-01,9.283243744708067346e-01
8.433501367499950447e+02,1.840100690203724243e-01,9.656652658922321164e-01
8.434199490724266752e+02,3.429865288009301683e-01,4.316986479942933608e-01
8.434662696006056422e+02,2.631243113793035882e-01,6.641165659586307779e-01
8.435720142814237761e+02,3.397225434054760296e-01,4.739548336181919064e-01
8.435954909651168236e+02,1.504456067155020005e-01,9.339262232436065236e-01
8.436129498203173398e+02,3.758176136482243024e-01,4.800051519327449556e-01
8.436816744416972824e+02,7.338316833239140191e-01,9.825079831052386803e-01
8.437009371759950227e+02,7.513628800665365093e-01,9.760232566720439262e-01
8.437799873307687903e+02,3.400307044605596074e-01,4.380796385124452463e-01
8.438761174216519976e+02,9.558909791256491317e-01,3.746684037233561915e-01
8.442330377923848346e+02,2.296815566856533763e-01,8.565762596989311417e-01
8.443669431991808096e+02,7.075651342517421671e-01,6.295278950631324477e-01
8.443719359643083635e+02,6.492316385046325022e-01,9.062869538149478377e-01
8.444004095966417935e+02,3.971427035757336688e-01,4.307088774327610947e-01
8.444928171561023191e+02,3.829748406874234901e-01,3.647374030685240909e-01
8.445111355294928899e+02,1.535792008517350427e-01,7.555168009885609992e-01
8.446470309189941190e+02,1.252186119018333654e-01,7.792516256512918016e-01
8.450077184414751628e+02,1.655492743158397673e-01,4.533891872040902715e-01
8.450455221176806617e+02,7.721036228277441404e-01,9.443685590978428968e-01
8.454001870346199894e+02,1.756657750945720409e-01,6.308935220010346567e-01
8.455797241290206330e+02,7.680744769482206191e-02,4.360381903718262286e-01
8.456051251074952688e+02,7.078901011540339461e-01,9.324591775299949648e-01
8.456946687689600139e+02,6.068270729500050420e-01,8.905671431763825252e-01
8.457993656762653245e+02,1.409026542214487643e-01,4.559765009174300276e-01
8.459928439326315583e+02,3.840100262593636460e-01,5.015352330577066420e-01
8.460015657600356462e+02,6.410453453193022400e-01,6.331443420891230689e-01
8.464198473805769254e+02,7.149857534636860912e-01,8.606364167353486305e-01
8.464692302326498066e+02,7.151487650064161095e-01,8.875570304527173882e-01
8.464891384344907692e+02,2.288414424055560392e-01,6.674485465345848523e-01
8.468756528245038453e+02,4.736203427036789204e-01,4.034589577720373299e-01
8.469101540391479830e+02,2.452465548183193622e-01,6.739034030422680344e-01
8.469237778467638691e+02,5.223499827966862075e-01,3.919560567425338649e-01
8.469260776911268067e+02,7.645770069680177805e-01,9.222268056478271081e-01
8.469260862694245589e+02,7.260750904592242483e-01,9.489917088079035112e-01
8.469580994075672606e+02,8.201521022602605848e-01,8.789475569586636672e-01
8.474416244244263225e+02,5.004856602676731603e-01,3.960481336629462223e-01
8.477732021033176579e+02,6.438212325605761066e-01,8.641929128761673962e-01
8.478663230473430303e+02,6.414935593408856995e-01,8.616517071995634103e-01
8.481840749868364355e+02,6.288289270845627277e-01,8.933184554277530109e-01
8.483149763426872596e+02,8.888375715154468448e-01,3.826849960492522129e-01
8.484035808588406553e+02,5.911911662734952166e-01,9.604114065537570077e-01
8.484201139873223383e+02,5.840607532695154536e-01,9.771999017616577188e-01
8.484960433983376333e+02,5.777438096565257197e-01,9.293371646723623813e-01
8.485565745539215641e+02,5.725533688882772365e-01,9.786291214160878216e-01
8.487890384160635904e+02,2.227752023506469614e-01,2.626522040505144817e-01
8.488089156163257485e+02,8.070019192712003520e-01,7.960150651702855296e-01
8.490412240781110995e+02,6.062075579002348391e-01,7.818648842868722859e-01
8.492554864714765017e+02,7.557428907680576735e-01,9.184019199915286480e-01
8.494456434861889420e+02,2.737529803602365419e-01,2.233730209442613690e-01
8.495061751772439038e+02,3.345143357861171118e-01,1.762886296202834657e-01
8.496683011743556335e+02,2.882198801605104777e-01,1.496990810196282551e-01
8.496836267975463670e+02,8.767775565813508143e-01,7.615320597026939975e-01
8.497037124340995433e+02,2.970236210245765784e-01,1.183811571134646412e-01
8.498007003923532920e+02,8.786467457568459816e-01,7.804219938056415895e-01
8.498374609317072554e+02,2.769445463610804570e-01,2.596065484250771327e-01
8.498438697126414354e+02,2.964825297626413336e-01,3.464954562545872196e-01
8.499605505973391928e+02,1.667737218433577029e-01,1.950291276485254244e-01
8.502339293448342232e+02,7.898381041404566316e-01,8.742276356462421738e-01
8.504122782513172751e+02,8.506523633947621343e-01,6.868435903364965567e-01
8.504615446260523868e+02,6.722351950800807829e-01,8.401487139750427602e-01
8.504748744428364944e+02,3.531428751393506094e-01,3.099751846644490660e-01
8.504789361529794860e+02,6.169690422539982899e-01,5.428508723604482666e-01
8.505084176165343024e+02,2.877996578157504537e-01,1.095267808825183264e-01
8.506495158747763981e+02,7.822592224650336545e-01,8.794583928624769564e-01
8.507468130315954795e+02,3.186238105544617616e-01,2.621150089486709023e-01
8.507846966769654955e+02,6.216313501160084520e-01,6.322070276949610657e-01
8.509086866264563014e+02,1.930668500602289450e-01,7.638648462918062876e-03
8.510449094279221072e+02,5.543833886019384760e-01,4.560785825030716500e-01
8.510582810628372954e+02,5.562986650562876667e-01,4.410215074371462984e-01
8.510618565188750608e+02,3.114825152105745731e-01,6.598697007528853131e-02
8.511325730703495083e+02,7.405494301919393063e-01,9.889535794712368544e-01
8.512583810769890533e+02,7.685962020729039113e-01,7.845724502178350601e-01
8.513216531675162742e+02,3.418885256835254571e-01,4.778836025252022335e-01
8.513516952616139406e+02,5.448016261319282849e-01,4.857698301487173298e-01
8.516511335064249124e+02,5.657778147404580738e-01,7.642547240715793500e-01
8.516994015438584711e+02,1.407448400197413019e-01,3.307976775376553213e-02
8.517633427967274429e+02,5.563605219479090813e-01,5.586610481042527665e-01
8.518507860082258958e+02,3.357835992557931526e-01,5.516857234431474799e-01
8.518614091913078710e+02,8.079535412468608069e-02,5.828436662743907704e-02
8.519856820783855937e+02,1.111892138047070322e-01,2.896423926323660192e-01
8.520842808001976891e+02,6.910291672094361903e-01,8.200411425983854530e-01
8.520918852489354549e+02,8.117955383571718864e-01,8.771198605486928424e-01
8.521979044455298435e+02,2.278940304174246201e-01,2.590350999050294867e-02
8.522876304750503778e+02,5.848866851180908322e-01,6.344896152112522447e-01
8.522972807185707325e+02,2.241646262119810773e-01,5.544985460276495859e-01
8.525064222531946143e+02,1.233806050944891153e-01,3.992719500292818413e-02
8.526003999693344895e+02,4.523309751716771965e-01,4.438440721584872017e-01
8.526529675945840836e+02,1.548421555743650924e-01,8.334259376857644508e-02
8.526921645597361703e+02,6.493849998752869723e-01,9.263561613246915627e-01
8.527431344800055513e+02,1.626817340847656057e-01,6.048468145203034219e-02
8.527746475404914008e+02,2.801021456258002695e-01,3.518036169274287861e-01
8.528306262906082793e+02,2.503541786246317180e-01,3.721389061702469192e-01
8.529027740419849124e+02,7.894388885086098817e-01,8.829449600650418617e-01
8.529094662153077024e+02,2.734475017425198606e-01,2.968389458953807347e-01
8.529778784367948674e+02,8.784239282204870936e-01,8.016651058491208737e-01
8.531480750314249235e+02,7.179397648504909357e-01,8.745544111173964019e-01
8.531776974708079706e+02,7.432170218350059310e-01,8.471224538965920203e-01
8.532117994056244470e+02,2.062748420000817262e-01,4.075706699489992646e-01
8.532254947936052076e+02,4.797792991661450346e-01,3.061461205831813581e-01
8.532338637196004356e+02,2.245003970670900184e-01,3.868560474097690882e-01
8.532448282302456164e+02,2.049319033644025900e-01,3.785768252136455514e-01
8.533361958223010788e+02,1.020300344933299241e-01,3.587589862150089015e-01
8.533727950796367168e+02,4.713068383093794722e-01,3.191957491757687615e-01
8.533854957588663410e+02,9.298455600370159058e-02,3.461213901130510973e-01
8.534826547052401793e+02,4.705530051393110869e-01,3.882265570927366793e-01
8.535450275620645471e+02,4.742296071038221150e-01,3.278666967927313936e-01
8.535727088950235384e+02,2.172860147930196772e-01,1.701927196906489748e-01
8.535882073145139657e+02,2.262662590967987608e-01,1.681977287247239383e-01
8.536856389578314293e+02,5.693523376579883166e-01,7.511114856685802144e-01
8.537246050680233793e+02,4.528284641956924483e-01,3.411670885557547273e-01
8.537436778129671211e+02,5.461072629714761595e-01,7.649426032105255402e-01
8.537864201187969684e+02,1.236914510104679676e-01,4.227088945071071358e-01
8.537923248100146338e+02,5.590995814683222820e-01,9.561729827357356992e-01
8.538002088854176463e+02,7.664854237803250259e-01,8.678742430574902800e-01
8.538356381016571959e+02,1.584244060000394860e-02,5.308566660026102779e-01
8.538782172431389199e+02,2.197157503264257628e-02,2.410508198555986192e-01
8.538858665175706619e+02,4.535077666812492581e-03,5.101977777178410278e-01
8.539501566593440884e+02,1.219338932535254383e-01,3.774385374220052825e-01
8.539651223408478700e+02,1.147467254160390304e-01,4.152084156574583629e-01
8.540017707478598368e+02,2.973456338280444644e-02,4.227193745626334209e-01
8.540531612734433793e+02,7.761439078932642621e-01,8.263585974846431315e-01
8.540561684762069490e+02,4.481641334801681475e-01,3.979520690019178186e-01
8.541057128070224280e+02,2.522773387475097939e-01,6.304492467480338203e-02
8.541387978609509446e+02,8.639135168038810653e-01,7.406921409526086020e-01
8.541524486369480655e+02,2.971069007936139039e-01,6.534836306476948797e-01
8.541918004498871824e+02,4.568297611289504623e-01,2.882892039070444890e-01
8.542117336525302562e+02,2.928910046450990956e-01,6.729856517580767861e-01
8.542641537320592988e+02,9.136891571738814388e-02,3.220804590382781996e-01
8.542987884345127441e+02,2.855196631800109852e-01,4.337658229441156976e-01
8.543157287245024918e+02,4.812056506377667686e-01,9.958508601251474524e-01
8.544490230243546875e+02,9.306719102751104256e-02,2.624080321292475704e-01
8.544685818614968866e+02,2.807217068228272661e-01,7.271510818698690981e-01
8.545029211557790632e+02,3.980529832391351830e-01,7.736273178064166922e-01
8.545234277300170334e+02,2.789174295975628270e-01,6.490502716959489771e-01
8.546143244863616246e+02,4.149236595241242442e-01,7.148944266149661608e-01
8.546203834655739229e+02,5.563706662471464837e-01,2.225954615324736707e-01
8.546888370850167576e+02,4.015338365283603883e-01,4.419207305511875239e-01
8.546933452916752003e+02,3.273902620534218100e-01,7.297441750108598635e-01
8.547079894742684019e+02,4.520088131614747873e-01,9.086331271645523566e-01
8.547362090663743857e+02,2.059852177342912372e-01,6.923451824122880405e-01
8.547944478660010645e+02,2.862055676284400718e-01,1.705729835325102695e-01
8.550105441648133819e+02,7.324013185020959993e-01,7.637735734545602062e-01
8.551268506019499682e+02,4.041306867140097570e-01,2.150982288543095144e-01
8.552436910740942722e+02,4.141330545037475996e-01,2.338346752007287588e-01
8.552479172568655486e+02,3.560166949579665063e-01,7.616800974765787213e-01
8.552494499477688805e+02,1.460540316975394992e-01,7.983641204226670229e-01
8.553250492409182471e+02,2.918585122696145673e-01,2.245498463422695989e-01
8.553253415550149157e+02,2.239033425847557490e-01,7.166746511866944891e-01
8.553671076954794898e+02,5.977686439249552119e-01,3.853379305129627230e-01
8.553831827787873863e+02,4.701146769678740123e-01,2.696257449250218929e-01
8.554589294977632790e+02,6.492190844526568583e-02,4.312246171248762527e-01
8.554820115459522185e+02,2.631212343166973167e-01,7.251303512817306451e-01
8.554994608253128945e+02,4.234037602380549270e-01,7.051541192057259044e-01
8.555612126522028120e+02,2.498037983817595897e-01,3.609865388851757340e-01
8.555743847864349618e+02,7.659140027080177937e-01,2.637334341541902605e-01
8.556273526999952992e+02,1.130008039824890176e-01,2.865384703703565128e-01
8.556507825430719549e+02,2.211971560668104519e-01,7.379876353452258231e-01
8.557455069780074837e+02,6.878465590659784690e-01,2.334128735661680221e-01
8.557920060917448382e+02,8.042333668977703631e-01,2.577292660840047045e-01
8.558510938252551341e+02,7.930128610296481861e-01,2.489595751056972173e-01
8.558536340229903772e+02,4.903883897230130184e-01,2.070971078352815686e-01
8.558563606333713096e+02,3.378864419605271951e-01,2.903725574206988957e-01
8.558820762592306437e+02,4.954028952213259673e-01,2.038804480277317532e-01
8.559598035752796932e+02,8.846289026864817551e-01,2.641081457915404052e-01
8.559795505478125506e+02,4.889138264160002301e-01,1.326648658384724788e-01
8.560721666308991189e+02,7.026086843433495543e-01,7.975328261816262421e-01
8.560957536888497543e+02,8.905640291540742881e-01,2.555354000702906303e-01
8.561614423496322388e+02,5.099229873597581619e-01,3.966198458031163776e-01
8.561637961031406121e+02,8.621731613197735067e-01,2.248231972864804806e-01
8.562019401660074891e+02,8.164520776991832651e-01,2.560376086340647728e-01
8.562534483960205307e+02,1.480315817093922348e-01,1.550395667197392857e-01
8.562830377206790899e+02,3.624104927847021651e-01,4.571085750354711985e-01
8.562977705808024211e+02,3.696577310339721478e-01,4.630074701871762510e-01
8.563945495492293958e+02,3.502047317510197377e-01,4.363552854461022479e-01
8.564166383834973431e+02,8.096302059058819722e-01,2.488712743557850438e-01
8.564437215756055366e+02,4.008469769619480427e-01,4.094378402015248497e-01
8.565208043668708342e+02,7.281054137134790327e-01,2.202958342985993356e-01
8.565234776131733270e+02,7.043263042233076643e-01,7.542297396512313012e-01
8.565360688069647495e+02,5.118527180161269730e-01,4.220832713767076472e-01
8.565647065136537321e+02,3.179319503724470364e-01,3.213151701957415174e-01
8.565929417912109329e+02,1.967596264944027062e-02,1.746297873914463006e-01
8.566242399332594459e+02,4.008759208759566928e-01,4.088800372753158552e-01
8.566783099054918011e+02,1.858205484995758550e-01,6.755319881991248554e-01
8.567558921102462364e+02,3.420262741919896099e-01,4.545733721383291570e-01
8.568209903785912047e+02,4.612097241456737384e-01,6.713135255192161921e-01
8.568496049569392881e+02,2.911246305810910595e-02,3.484020246080018479e-01
8.569018721007813610e+02,2.368830559662178370e-01,2.408657581210297272e-01
8.569236857286778104e+02,8.212597663498153455e-01,4.543681701591260058e-01
8.569371629401191512e+02,2.852158051950667295e-01,4.374977386948943892e-01
8.569450150934785597e+02,3.422328898318603985e-01,3.988834971323883538e-01
8.569946104662171820e+02,2.325350906000648310e-01,4.179194597210615925e-01
8.570069492581249051e+02,2.433220656599401899e-01,4.368601737707307198e-01
8.570267052317765319e+02,8.123315170149369990e-01,4.728090700027662852e-01
8.570280455837847740e+02,4.419254257903585392e-01,3.952858674502329750e-01
8.570835372400913457e+02,2.048837966589240889e-01,7.625782018283392416e-01
8.570879860701719508e+02,2.524135099020587969e-01,1.768727717471039185e-01
8.570910130751478846e+02,6.942111852190114840e-01,3.349603838897718955e-01
8.571069641089270590e+02,4.524786334255442855e-01,6.769618679933973038e-01
8.571571601964583351e+02,4.057009974006628994e-01,7.583369248458277090e-01
8.572006346702577275e+02,2.166011473941045207e-01,2.216659143528927345e-01
8.572180531241936023e+02,2.912380591804788477e-01,8.297936546336077690e-01
8.572628253018126543e+02,2.915400393482953101e-01,1.960607440600860008e-01
8.572949595253843427e+02,3.638301016673619603e-01,4.419467630446417550e-01
8.573052870960012797e+02,4.257705463692205150e-01,3.589158878716756096e-01
8.573058278489709210e+02,2.431578936279310543e-01,3.363359085119654868e-01
8.573237968903117689e+02,1.640561919821913461e-01,8.550946032111508277e-01
8.573367572672927963e+02,3.284683061507914781e-01,3.654078096762709560e-01
8.574153477172222892e+02,2.539631380704783226e-01,1.745876962122311360e-01
8.574169811908568590e+02,3.706972660828316002e-01,9.312409735146089940e-01
8.574738668630037637e+02,2.837349830538483664e-01,3.763512994318500837e-01
8.574842385687584283e+02,2.081997043919742163e-01,6.347353439852162493e-01
8.575923353483752862e+02,4.024175920696538844e-01,2.628696386591143908e-01
8.576244424289628796e+02,2.382312471585807945e-01,9.109356384727976819e-01
8.576326112208157610e+02,1.460543469069410794e-01,5.109424581873646121e-01
8.577105108260199131e+02,3.649558957156588956e-01,8.703886719686928508e-01
8.577317546144809057e+02,4.128818582219870859e-01,1.970230311749768815e-01
8.577707595560405025e+02,8.562730218504623902e-01,5.337848020214279732e-01
8.578183771495640713e+02,2.512426397941639467e-01,5.025573734082051658e-01
8.578222302287556431e+02,4.599902209105511952e-01,7.770620266005252574e-01
8.578309033276291302e+02,2.338712202914168259e-01,2.974012789008816382e-01
8.578621607277302701e+02,3.088681730841943418e-01,3.232787422821228329e-01
8.578673121617782726e+02,9.018618030301132071e-01,5.695299292632804988e-01
8.578719715870904565e+02,3.620686939455720621e-01,1.885943371496903165e-01
8.579288329963810611e+02,9.432884260439955426e-02,1.433629531947955282e-01
8.579997630860061690e+02,1.229956702996968243e-01,4.809502402948067079e-01
8.580250380101697374e+02,3.888367458827425294e-01,8.440572513624985396e-01
8.580459261264300039e+02,9.823979997394052255e-01,6.311235269521031643e-01
8.580924417145645293e+02,2.503280657514223018e-01,7.078122589186859326e-01
8.581590505916921074e+02,3.335903006944578308e-01,8.340098858922339042e-01
8.582557841463275281e+02,9.122273922080514907e-02,2.535168104658807042e-01
8.582763364798573775e+02,3.858912848315879662e-01,8.712223500674298737e-02
8.583106453650655112e+02,5.758351101463199395e-01,3.341847420726521412e-01
8.583172640211033695e+02,3.010898033476809843e-01,4.563621163466772268e-01
8.585551819885276927e+02,6.667392372724285643e-01,7.350729964072398870e-01
8.586366616661063063e+02,4.613532663569686054e-01,8.186514271129875508e-01
8.586583449477848262e+02,4.842599722788963890e-01,8.242625163823139589e-01
8.586655021914245935e+02,3.749566999346415352e-01,3.680277855353297767e-03
8.587595515716886894e+02,4.075310212929361686e-01,2.779112790875785111e-01
8.588061592350717319e+02,4.405977872886067681e-01,7.377870452110987243e-01
8.588735974992581532e+02,2.413435150721108258e-01,8.216882767189095382e-01
8.588894199300266337e+02,7.087820915551600320e-01,2.143521377197800115e-01
8.589113223510169064e+02,2.105538721687569836e-01,8.125333583673238769e-01
8.589862388342664872e+02,6.450924834307159017e-02,6.177935126530702536e-01
8.589882336468145922e+02,6.685373403031203976e-01,7.110109915891046350e-01
8.590254423607545959e+02,2.383224176291129925e-01,1.131928897058782635e-01
8.592329081321964850e+02,3.953599376844835200e-01,7.804657619959418646e-01
8.594398478920129492e+02,4.370330314743295919e-01,7.847006530892279841e-01
8.595867011195764462e+02,3.702066891090758372e-01,9.384847253079922069e-01
8.596442105612680962e+02,4.671873738012761734e-01,7.291679685953630363e-01
8.597809737522654814e+02,9.572344417840770170e-01,3.518999132217934811e-01
8.598508834332814104e+02,4.158133024585430881e-01,9.609180276686734024e-01
8.598655822849445940e+02,4.024925720719155775e-01,9.392302000376847593e-01
8.598860041210651843e+02,8.297693151566137848e-01,3.522296936425491909e-01
8.600113364834397771e+02,4.794423004094628959e-01,9.179466972012855219e-01
8.600407181927899956e+02,4.207516317174587739e-01,9.374928906964831166e-01
8.600741620095585631e+02,8.186885881637107065e-02,7.322749580155453186e-01
8.601079845169419968e+02,3.838694867119962773e-01,9.745352143774336229e-01
8.602018705963259890e+02,9.037896529300043502e-01,3.932008871244518922e-01
8.602277551528537742e+02,3.678590612244088121e-01,8.839792202363734308e-01
8.602655506579075109e+02,9.040144433664387691e-01,3.891096930941831955e-01
8.602993287267236155e+02,9.046812383564766247e-01,3.831652622896273286e-01
8.603760343264178800e+02,3.575642144812736234e-01,8.914379259222910967e-01
8.604005273361872241e+02,9.023143230410956006e-01,4.376440008579984831e-01
8.605513038813212461e+02,5.848173241207041961e-01,9.864565662468408602e-01
8.606341299477459188e+02,4.097606762545185077e-01,7.499488110308579758e-01
8.607485066348651799e+02,3.627908646125974634e-01,7.755699899446596435e-01
8.607693414281960713e+02,3.373298661852269786e-01,7.711393573948485125e-01
8.608055635811331285e+02,1.893775053404284092e-01,5.094284646427965635e-01
8.608230207481551588e+02,2.501027944328378938e-01,7.826465033534063531e-01
8.608313979128563460e+02,2.163892251539241141e-01,8.191264224116652226e-01
8.608396249798023518e+02,3.200389685686001462e-01,7.845420286339311877e-01
8.608684666699535910e+02,8.111435035395796467e-01,3.795143405198915243e-01
8.610210465739478423e+02,2.167515834003347353e-01,8.014014290603638235e-01
8.611772767223067149e+02,2.371629562563892790e-01,9.088628057298514529e-01
8.612090623138984711e+02,2.519796819694345436e-01,7.498185888070769689e-01
8.612591544591955426e+02,3.674627131271047675e-01,8.749303759922981705e-01
8.613610966533212832e+02,3.282968202924011480e-01,7.090040377236518365e-01
8.613631608418075984e+02,3.005853893937653343e-01,9.106870427776666554e-01
8.613988954564370033e+02,6.486499139123500512e-01,9.968666294288965890e-01
8.614405262828971672e+02,6.276905371579573067e-01,9.841234469982732547e-01
8.615703490415770602e+02,2.412078009635264531e-01,7.247073923701722320e-01
8.616491881347028539e+02,7.778929508349292643e-01,4.885689913155354391e-01
8.617143373262988462e+02,4.406254543800296464e-01,6.928194452944789195e-01
8.617907930289411524e+02,6.163718038188122916e-01,9.479686132798246234e-01
8.618315077425767186e+02,5.948116369583812402e-01,9.737216569630341434e-01
8.620235617201591367e+02,3.925606457743330280e-01,9.146267045957648945e-01
8.620370671605820689e+02,4.057551810301138762e-01,8.911313472267966551e-01
8.620669191757428962e+02,9.532778249641792323e-01,4.655693316386041447e-01
8.621630363150596850e+02,4.433128778155028815e-01,8.163437685722608750e-01
8.623253815208505557e+02,2.237773033532338696e-01,7.764044002740119188e-01
8.623862035899437615e+02,8.407518147665079544e-01,4.041418968680868806e-01
8.626252621972600991e+02,1.350832816590940011e-01,7.912255429720302935e-01
8.630084467539780917e+02,4.236676716137183218e-01,9.471560987289896483e-01
8.637435728769639809e+02,7.064045341173598169e-01,9.523626123107200581e-01
8.637514169271792071e+02,3.394321189832002483e-01,8.476828313273840898e-01
8.641718391432176531e+02,4.566547307849477821e-02,8.460026708235234283e-01
8.644968923499197899e+02,8.366736788132378422e-04,9.937329662500803407e-01
8.647422657347850645e+02,7.806764513959807417e-02,8.475884034368209585e-01
8.647539442804521741e+02,1.819009665096129602e-01,3.302665960462466410e-01
8.655427812110676768e+02,9.289715573804618876e-01,7.263491921604002810e-01
8.657111656938974420e+02,8.420999385171376028e-01,7.801985916705960200e-01
8.658817010719081964e+02,9.424252466012127405e-01,8.024006727074347589e-01
8.660248080022638533e+02,8.811338485461858161e-01,6.814522439295146450e-01
8.662603802017097223e+02,8.978780580925929122e-01,9.472150438363005076e-01
8.663789517540913039e+02,1.866632005375269410e-01,8.223588824008287723e-01
8.685367303870550586e+02,6.705960021756920408e-01,4.558930317538937294e-01
8.687061837349677944e+02,6.983956286233345967e-01,4.269151209664439062e-01
8.687178397803123744e+02,7.098766422938055376e-01,4.401016693839397975e-01
8.687672397875605839e+02,6.886437428381051440e-01,4.776559260834496445e-01
8.710663855144123318e+02,6.142883068310686090e-01,6.647123182132246288e-01
8.713282079197530265e+02,6.404822024332745833e-01,6.174291396536333298e-01
8.715078931289950788e+02,6.826228019232983835e-01,6.267920960076120984e-01
8.718135692113362438e+02,6.713666216043706614e-01,7.584027351617046442e-01
8.721537785552892501e+02,6.341719996211685473e-01,7.256889475118253330e-01
8.724887606868209105e+02,8.004371380716418516e-01,8.074589627588325547e-01
8.725293853082931719e+02,6.519383422079041424e-01,3.827437049648594325e-01
8.725376932806066179e+02,8.010897109431444063e-01,7.939824045808075992e-01
8.727568875313404533e+02,7.446409071754939157e-01,6.755236284343326680e-01
8.727674747066081409e+02,7.501421150946211425e-01,9.244162183721270631e-01
8.727695992178799997e+02,8.491546767049686917e-01,8.504378537156763729e-01
8.731561675331710148e+02,8.720429559245848061e-01,7.881096835994880756e-01
8.733044230284566538e+02,8.940044764522890874e-01,3.852312007264632188e-01
8.735083665898381469e+02,7.490494240098826140e-01,7.933001395187138094e-01
8.735778260431848139e+02,7.605881938962373301e-01,8.295850472757217986e-01
8.737278909498013491e+02,4.086420080087862505e-01,4.909039311414215012e-01
8.738655532931106791e+02,7.320769968108566950e-01,6.406489174799101516e-01
8.739547129244418784e+02,6.939468973354496750e-01,4.053814887877451589e-01
8.740623990374837149e+02,6.228570751872609668e-01,3.996888000241247685e-01
8.741079039942864028e+02,5.996527981500421323e-01,4.157246910445085986e-01
8.742959856974948707e+02,8.134960689308508019e-01,5.126933310540929822e-01
8.742992706771950679e+02,7.626553202076300497e-01,7.453043250512664253e-01
8.743564555662983366e+02,7.980611575212092079e-01,6.915326531227591333e-01
8.744081988174848448e+02,8.410424960485723966e-01,9.008168595397589851e-01
8.745253698220226397e+02,8.105578121156302718e-01,7.757041813975427136e-01
8.748038277497838635e+02,8.514226378633349412e-01,5.657568607595249155e-01
8.749572660551499439e+02,8.538505029760545817e-01,4.950997174153215497e-01
8.750080896455278889e+02,7.614126804070339150e-01,7.935979968600473944e-01
8.750586385739705975e+02,7.764694064532469131e-01,8.011870073794216118e-01
8.750678024963116286e+02,7.550038460380226191e-01,9.851679141472650114e-01
8.754543629403656269e+02,9.048277662872213911e-01,8.474866746367644144e-01
8.756391298446927749e+02,5.085438982337677771e-01,3.089746438356674174e-01
8.756885523964084541e+02,9.417212065960142153e-01,8.889594511612163297e-01
8.760398764317216092e+02,9.491029007398199546e-01,3.351038729765382085e-01
8.761000119053605886e+02,9.381867334549317539e-01,3.419916890170989765e-01
8.766856623115045295e+02,7.800023053951556928e-01,5.634676480234850349e-01
8.767578861241549930e+02,9.114081154550801589e-01,9.236428936898660735e-01
8.768758537822634480e+02,6.547072236292317271e-02,6.167912478857949798e-01
8.769178287201170860e+02,7.457930139990255336e-01,5.802558244592065373e-01
8.769873404792697329e+02,8.509388350935608303e-01,9.444779372694236397e-01
8.771157402104976200e+02,8.486544021587162367e-01,8.634288930162906661e-01
8.772516248856762786e+02,9.401933613410063950e-01,2.111050692876288437e-01
8.772824975950641146e+02,8.500054878703129368e-01,8.737096203100384040e-01
8.781420910129395452e+02,7.491866334286478857e-01,1.525295515596222229e-01
8.782970479575542413e+02,7.888618768671646908e-01,7.003870981136607332e-01
8.785369253632619575e+02,9.526555578034006100e-01,2.679239890363676047e-01
8.788996131845664195e+02,9.691864287627013352e-01,3.177057493946328082e-01
8.791733902135863445e+02,7.000535194043432385e-01,2.847306042290222994e-01
8.793281612186481198e+02,9.920499951757197898e-01,4.072480933609019527e-01
8.801696979830088594e+02,9.265850365860925919e-01,4.860874752527819531e-01
8.808344501340371835e+02,9.715320077571422130e-01,4.098717644487375189e-01
8.832723554747866501e+02,9.091824191499927599e-01,3.888384411253082984e-01
8.840055230532341284e+02,8.480290492160579285e-01,4.948171630377090624e-01
8.847240298965814418e+02,9.445513176198178096e-01,2.539687705664861461e-01
8.848643135078746127e+02,9.669872440741383857e-01,2.648489022263359471e-01
8.850806588713064684e+02,8.497726970370700350e-01,3.675445865540537538e-01
8.854287420801529152e+02,8.926915042302412395e-01,3.681493096644866680e-01
8.856542235125810976e+02,9.800863249312176118e-01,3.804923659001923086e-01
8.860191094231028046e+02,9.765336585139807735e-01,3.715785939341950117e-01
8.917072658846692548e+02,3.401941324312496295e-02,1.964034924487941813e-01
8.925640819556955421e+02,1.048296234943331129e-01,9.761985905471526337e-02
8.989506225229608845e+02,9.003477310942187284e-01,2.997362271767690656e-01
9.108736855352677821e+02,9.641629189279621315e-02,7.484209806340806903e-01
9.347465932453633286e+02,9.763429749912735378e-01,2.235153005503042190e-01
9.347546836441688356e+02,9.802775139873822763e-01,2.109888801189095942e-01
9.475501726191761236e+02,7.751881251873093959e-02,5.572506715461841287e-01
9.484131591510285944e+02,7.009101247861204698e-02,4.247436618114674989e-01
9.492346052306104411e+02,2.378447281588651485e-01,4.646594563642799658e-01
9.563695600539729185e+02,4.605375415582696474e-01,3.894530874653306940e-01
9.573102214231780636e+02,4.668487425199199237e-01,4.231108964811799433e-01
9.575379556100327818e+02,4.856136546715534852e-01,2.820665332071405906e-01
9.575493206552779384e+02,5.135030398160950194e-01,4.732493230303500553e-01
9.586818713124994247e+02,2.900310633407529037e-01,3.088972061940349345e-01
9.587189572823790513e+02,2.754647790323662138e-01,3.204231764457622367e-01
9.588760718274663759e+02,2.993768359051008909e-01,3.152113738768174134e-01
9.604384208087599291e+02,3.867209920356596831e-01,2.897231823610216805e-01
9.608431683239720087e+02,4.477744947348497595e-01,8.465087676603472167e-01
9.837592960482794524e+02,8.301745974454486365e-01,5.666339189500158025e-01
9.989684413806701286e+02,4.014317286221411596e-01,9.785467081704131154e-01
